  0.00e+00	  0.00e+00	0.00000e+00
  0.00e+00	  5.00e-03	1.94467e+01
  0.00e+00	  1.00e-02	1.33540e+01
  0.00e+00	  1.50e-02	7.59495e+00
  0.00e+00	  2.00e-02	4.35455e+00
  0.00e+00	  2.50e-02	2.60558e+00
  0.00e+00	  3.00e-02	1.56779e+00
  0.00e+00	  3.50e-02	8.73868e-01
  0.00e+00	  4.00e-02	3.22988e-01
  0.00e+00	  4.50e-02	-2.30988e-01
  0.00e+00	  5.00e-02	-1.24317e-02
  0.00e+00	  5.50e-02	-1.24323e-02
  0.00e+00	  6.00e-02	-1.24336e-02
  0.00e+00	  6.50e-02	-1.24377e-02
  0.00e+00	  7.00e-02	-1.50898e-02
  0.00e+00	  7.50e-02	-3.52766e+00
  0.00e+00	  8.00e-02	-3.34597e+00
  0.00e+00	  8.50e-02	-2.81235e+00
  0.00e+00	  9.00e-02	-2.76343e+00
  0.00e+00	  9.50e-02	-3.44570e+00
  0.00e+00	  1.00e-01	-5.45703e+00
  0.00e+00	  1.05e-01	-1.03902e+01
  0.00e+00	  1.10e-01	-1.98109e+01
  0.00e+00	  1.15e-01	-2.90968e+01

  0.00e+00	  0.00e+00	0.00000e+00
  0.00e+00	  5.00e-03	6.21476e-01
  0.00e+00	  1.00e-02	2.68211e+00
  0.00e+00	  1.50e-02	2.43709e+00
  0.00e+00	  2.00e-02	1.64163e+00
  0.00e+00	  2.50e-02	1.03916e+00
  0.00e+00	  3.00e-02	6.47317e-01
  0.00e+00	  3.50e-02	3.76189e-01
  0.00e+00	  4.00e-02	1.75395e-01
  0.00e+00	  4.50e-02	4.00341e+01
  0.00e+00	  5.00e-02	-7.21969e-05
  0.00e+00	  5.50e-02	-7.25399e-05
  0.00e+00	  6.00e-02	-7.29415e-05
  0.00e+00	  6.50e-02	-4.00001e+01
  0.00e+00	  7.00e-02	5.72668e-04
  0.00e+00	  7.50e-02	1.42847e+00
  0.00e+00	  8.00e-02	7.34808e-01
  0.00e+00	  8.50e-02	1.12598e-01
  0.00e+00	  9.00e-02	-3.25886e-01
  0.00e+00	  9.50e-02	-7.77409e-01
  0.00e+00	  1.00e-01	-1.48794e+00
  0.00e+00	  1.05e-01	-2.28504e+00
  0.00e+00	  1.10e-01	-1.74386e+00
  0.00e+00	  1.15e-01	8.19469e+01

  5.00e-03	  0.00e+00	-1.27740e+01
  5.00e-03	  5.00e-03	-1.70716e+00
  5.00e-03	  1.00e-02	9.86386e-01
  5.00e-03	  1.50e-02	1.40237e+00
  5.00e-03	  2.00e-02	1.11069e+00
  5.00e-03	  2.50e-02	7.53580e-01
  5.00e-03	  3.00e-02	4.71994e-01
  5.00e-03	  3.50e-02	2.49809e-01
  5.00e-03	  4.00e-02	5.19721e-01
  5.00e-03	  4.50e-02	3.99866e+01
  5.00e-03	  5.00e-02	2.72995e-04
  5.00e-03	  5.50e-02	2.72913e-04
  5.00e-03	  6.00e-02	2.73016e-04
  5.00e-03	  6.50e-02	-2.77023e+01
  5.00e-03	  7.00e-02	-3.66271e+00
  5.00e-03	  7.50e-02	-1.66513e+00
  5.00e-03	  8.00e-02	-7.46629e-01
  5.00e-03	  8.50e-02	-5.67853e-01
  5.00e-03	  9.00e-02	-8.48511e-01
  5.00e-03	  9.50e-02	-1.67651e+00
  5.00e-03	  1.00e-01	-2.39593e+00
  5.00e-03	  1.05e-01	5.38069e-01
  5.00e-03	  1.10e-01	2.11095e+01
  5.00e-03	  1.15e-01	5.14140e+01

  1.00e-02	  0.00e+00	-2.41167e+01
  1.00e-02	  5.00e-03	-4.40214e+00
  1.00e-02	  1.00e-02	2.70124e-01
  1.00e-02	  1.50e-02	1.04127e+00
  1.00e-02	  2.00e-02	8.46807e-01
  1.00e-02	  2.50e-02	5.67715e-01
  1.00e-02	  3.00e-02	3.38972e-01
  1.00e-02	  3.50e-02	1.55651e-01
  1.00e-02	  4.00e-02	9.40377e-01
  1.00e-02	  4.50e-02	3.99279e+01
  1.00e-02	  5.00e-02	2.54959e-04
  1.00e-02	  5.50e-02	2.54994e-04
  1.00e-02	  6.00e-02	2.55197e-04
  1.00e-02	  6.50e-02	-2.42711e+01
  1.00e-02	  7.00e-02	-3.38449e+00
  1.00e-02	  7.50e-02	-2.20916e+00
  1.00e-02	  8.00e-02	-1.51701e+00
  1.00e-02	  8.50e-02	-1.28591e+00
  1.00e-02	  9.00e-02	-1.74206e+00
  1.00e-02	  9.50e-02	-2.79584e+00
  1.00e-02	  1.00e-01	-2.41037e+00
  1.00e-02	  1.05e-01	4.73226e+00
  1.00e-02	  1.10e-01	3.38237e+01
  1.00e-02	  1.15e-01	2.36938e+01

  1.50e-02	  0.00e+00	-3.19909e+01
  1.50e-02	  5.00e-03	-7.04598e+00
  1.50e-02	  1.00e-02	-2.54829e-01
  1.50e-02	  1.50e-02	1.06873e+00
  1.50e-02	  2.00e-02	8.62535e-01
  1.50e-02	  2.50e-02	5.25864e-01
  1.50e-02	  3.00e-02	2.80812e-01
  1.50e-02	  3.50e-02	1.11653e-01
  1.50e-02	  4.00e-02	1.38037e+00
  1.50e-02	  4.50e-02	3.99121e+01
  1.50e-02	  5.00e-02	2.51002e-04
  1.50e-02	  5.50e-02	2.51077e-04
  1.50e-02	  6.00e-02	2.51261e-04
  1.50e-02	  6.50e-02	-2.24833e+01
  1.50e-02	  7.00e-02	-3.38022e+00
  1.50e-02	  7.50e-02	-2.21161e+00
  1.50e-02	  8.00e-02	-1.81697e+00
  1.50e-02	  8.50e-02	-1.78108e+00
  1.50e-02	  9.00e-02	-2.48741e+00
  1.50e-02	  9.50e-02	-3.41039e+00
  1.50e-02	  1.00e-01	-1.67218e+00
  1.50e-02	  1.05e-01	7.71694e+00
  1.50e-02	  1.10e-01	3.72720e+01
  1.50e-02	  1.15e-01	6.02304e+00

  2.00e-02	  0.00e+00	-3.67095e+01
  2.00e-02	  5.00e-03	-9.06346e+00
  2.00e-02	  1.00e-02	-7.01780e-01
  2.00e-02	  1.50e-02	1.22618e+00
  2.00e-02	  2.00e-02	1.04220e+00
  2.00e-02	  2.50e-02	6.00117e-01
  2.00e-02	  3.00e-02	2.92351e-01
  2.00e-02	  3.50e-02	1.15772e-01
  2.00e-02	  4.00e-02	1.82735e+00
  2.00e-02	  4.50e-02	3.99339e+01
  2.00e-02	  5.00e-02	2.48396e-04
  2.00e-02	  5.50e-02	2.48477e-04
  2.00e-02	  6.00e-02	2.48618e-04
  2.00e-02	  6.50e-02	-2.11594e+01
  2.00e-02	  7.00e-02	-3.61064e+00
  2.00e-02	  7.50e-02	-2.17061e+00
  2.00e-02	  8.00e-02	-1.92326e+00
  2.00e-02	  8.50e-02	-2.07038e+00
  2.00e-02	  9.00e-02	-2.92364e+00
  2.00e-02	  9.50e-02	-3.53354e+00
  2.00e-02	  1.00e-01	-6.65193e-01
  2.00e-02	  1.05e-01	9.65926e+00
  2.00e-02	  1.10e-01	3.50681e+01
  2.00e-02	  1.15e-01	-2.42957e+00

  2.50e-02	  0.00e+00	-3.90111e+01
  2.50e-02	  5.00e-03	-1.06001e+01
  2.50e-02	  1.00e-02	-9.74301e-01
  2.50e-02	  1.50e-02	1.40385e+00
  2.50e-02	  2.00e-02	1.27053e+00
  2.50e-02	  2.50e-02	7.32897e-01
  2.50e-02	  3.00e-02	3.48863e-01
  2.50e-02	  3.50e-02	1.55296e-01
  2.50e-02	  4.00e-02	2.27722e+00
  2.50e-02	  4.50e-02	3.99685e+01
  2.50e-02	  5.00e-02	2.44747e-04
  2.50e-02	  5.50e-02	2.44822e-04
  2.50e-02	  6.00e-02	2.44925e-04
  2.50e-02	  6.50e-02	-2.00143e+01
  2.50e-02	  7.00e-02	-3.94000e+00
  2.50e-02	  7.50e-02	-2.17749e+00
  2.50e-02	  8.00e-02	-1.95837e+00
  2.50e-02	  8.50e-02	-2.21659e+00
  2.50e-02	  9.00e-02	-3.11478e+00
  2.50e-02	  9.50e-02	-3.41519e+00
  2.50e-02	  1.00e-01	2.88370e-01
  2.50e-02	  1.05e-01	1.13981e+01
  2.50e-02	  1.10e-01	3.01154e+01
  2.50e-02	  1.15e-01	-3.71166e+00

  3.00e-02	  0.00e+00	-3.96749e+01
  3.00e-02	  5.00e-03	-1.09950e+01
  3.00e-02	  1.00e-02	-1.18000e+00
  3.00e-02	  1.50e-02	1.52339e+00
  3.00e-02	  2.00e-02	1.46512e+00
  3.00e-02	  2.50e-02	8.70123e-01
  3.00e-02	  3.00e-02	4.20579e-01
  3.00e-02	  3.50e-02	2.16168e-01
  3.00e-02	  4.00e-02	2.72584e+00
  3.00e-02	  4.50e-02	3.99893e+01
  3.00e-02	  5.00e-02	2.40098e-04
  3.00e-02	  5.50e-02	2.40164e-04
  3.00e-02	  6.00e-02	2.40238e-04
  3.00e-02	  6.50e-02	-1.89667e+01
  3.00e-02	  7.00e-02	-4.29427e+00
  3.00e-02	  7.50e-02	-2.22981e+00
  3.00e-02	  8.00e-02	-1.97261e+00
  3.00e-02	  8.50e-02	-2.28297e+00
  3.00e-02	  9.00e-02	-3.18277e+00
  3.00e-02	  9.50e-02	-3.22811e+00
  3.00e-02	  1.00e-01	1.08049e+00
  3.00e-02	  1.05e-01	1.26932e+01
  3.00e-02	  1.10e-01	2.54744e+01
  3.00e-02	  1.15e-01	-2.52904e+00

  3.50e-02	  0.00e+00	-3.87950e+01
  3.50e-02	  5.00e-03	-1.13543e+01
  3.50e-02	  1.00e-02	-1.36398e+00
  3.50e-02	  1.50e-02	1.54957e+00
  3.50e-02	  2.00e-02	1.58999e+00
  3.50e-02	  2.50e-02	9.79886e-01
  3.50e-02	  3.00e-02	4.83921e-01
  3.50e-02	  3.50e-02	2.86556e-01
  3.50e-02	  4.00e-02	3.16923e+00
  3.50e-02	  4.50e-02	3.99756e+01
  3.50e-02	  5.00e-02	2.35130e-04
  3.50e-02	  5.50e-02	2.35186e-04
  3.50e-02	  6.00e-02	2.35241e-04
  3.50e-02	  6.50e-02	-1.79876e+01
  3.50e-02	  7.00e-02	-4.64384e+00
  3.50e-02	  7.50e-02	-2.31388e+00
  3.50e-02	  8.00e-02	-1.98653e+00
  3.50e-02	  8.50e-02	-2.31482e+00
  3.50e-02	  9.00e-02	-3.20366e+00
  3.50e-02	  9.50e-02	-3.05447e+00
  3.50e-02	  1.00e-01	1.69860e+00
  3.50e-02	  1.05e-01	1.35528e+01
  3.50e-02	  1.10e-01	2.20632e+01
  3.50e-02	  1.15e-01	-1.30540e+00

  4.00e-02	  0.00e+00	-3.73310e+01
  4.00e-02	  5.00e-03	-1.17918e+01
  4.00e-02	  1.00e-02	-1.58373e+00
  4.00e-02	  1.50e-02	1.50423e+00
  4.00e-02	  2.00e-02	1.64757e+00
  4.00e-02	  2.50e-02	1.04664e+00
  4.00e-02	  3.00e-02	5.32061e-01
  4.00e-02	  3.50e-02	3.59104e-01
  4.00e-02	  4.00e-02	3.60434e+00
  4.00e-02	  4.50e-02	3.99160e+01
  4.00e-02	  5.00e-02	2.30545e-04
  4.00e-02	  5.50e-02	2.30593e-04
  4.00e-02	  6.00e-02	2.30634e-04
  4.00e-02	  6.50e-02	-1.70653e+01
  4.00e-02	  7.00e-02	-4.97807e+00
  4.00e-02	  7.50e-02	-2.41982e+00
  4.00e-02	  8.00e-02	-2.00793e+00
  4.00e-02	  8.50e-02	-2.33597e+00
  4.00e-02	  9.00e-02	-3.21197e+00
  4.00e-02	  9.50e-02	-2.91351e+00
  4.00e-02	  1.00e-01	2.18241e+00
  4.00e-02	  1.05e-01	1.41129e+01
  4.00e-02	  1.10e-01	1.96951e+01
  4.00e-02	  1.15e-01	-5.80986e-01

  4.50e-02	  0.00e+00	-3.59793e+01
  4.50e-02	  5.00e-03	-1.21877e+01
  4.50e-02	  1.00e-02	-1.82437e+00
  4.50e-02	  1.50e-02	1.42236e+00
  4.50e-02	  2.00e-02	1.65586e+00
  4.50e-02	  2.50e-02	1.08019e+00
  4.50e-02	  3.00e-02	5.63906e-01
  4.50e-02	  3.50e-02	4.30466e-01
  4.50e-02	  4.00e-02	4.02930e+00
  4.50e-02	  4.50e-02	3.98075e+01
  4.50e-02	  5.00e-02	2.26768e-04
  4.50e-02	  5.50e-02	2.26810e-04
  4.50e-02	  6.00e-02	2.26841e-04
  4.50e-02	  6.50e-02	-1.61952e+01
  4.50e-02	  7.00e-02	-5.29295e+00
  4.50e-02	  7.50e-02	-2.54130e+00
  4.50e-02	  8.00e-02	-2.03871e+00
  4.50e-02	  8.50e-02	-2.35608e+00
  4.50e-02	  9.00e-02	-3.21872e+00
  4.50e-02	  9.50e-02	-2.79985e+00
  4.50e-02	  1.00e-01	2.57382e+00
  4.50e-02	  1.05e-01	1.44806e+01
  4.50e-02	  1.10e-01	1.80046e+01
  4.50e-02	  1.15e-01	-2.28054e-01

  5.00e-02	  0.00e+00	-3.49700e+01
  5.00e-02	  5.00e-03	-1.25075e+01
  5.00e-02	  1.00e-02	-2.04537e+00
  5.00e-02	  1.50e-02	1.32816e+00
  5.00e-02	  2.00e-02	1.63879e+00
  5.00e-02	  2.50e-02	1.09211e+00
  5.00e-02	  3.00e-02	5.82864e-01
  5.00e-02	  3.50e-02	5.00541e-01
  5.00e-02	  4.00e-02	4.44343e+00
  5.00e-02	  4.50e-02	3.96531e+01
  5.00e-02	  5.00e-02	2.23935e-04
  5.00e-02	  5.50e-02	2.23970e-04
  5.00e-02	  6.00e-02	2.23994e-04
  5.00e-02	  6.50e-02	-1.53765e+01
  5.00e-02	  7.00e-02	-5.58643e+00
  5.00e-02	  7.50e-02	-2.67374e+00
  5.00e-02	  8.00e-02	-2.07819e+00
  5.00e-02	  8.50e-02	-2.37771e+00
  5.00e-02	  9.00e-02	-3.22530e+00
  5.00e-02	  9.50e-02	-2.70444e+00
  5.00e-02	  1.00e-01	2.89840e+00
  5.00e-02	  1.05e-01	1.47134e+01
  5.00e-02	  1.10e-01	1.67416e+01
  5.00e-02	  1.15e-01	-5.61396e-02

  5.50e-02	  0.00e+00	-3.42848e+01
  5.50e-02	  5.00e-03	-1.27596e+01
  5.50e-02	  1.00e-02	-2.23317e+00
  5.50e-02	  1.50e-02	1.23879e+00
  5.50e-02	  2.00e-02	1.61226e+00
  5.50e-02	  2.50e-02	1.09239e+00
  5.50e-02	  3.00e-02	5.93727e-01
  5.50e-02	  3.50e-02	5.70652e-01
  5.50e-02	  4.00e-02	4.84678e+00
  5.50e-02	  4.50e-02	3.94596e+01
  5.50e-02	  5.00e-02	2.21969e-04
  5.50e-02	  5.50e-02	2.22000e-04
  5.50e-02	  6.00e-02	2.22019e-04
  5.50e-02	  6.50e-02	-1.46094e+01
  5.50e-02	  7.00e-02	-5.85706e+00
  5.50e-02	  7.50e-02	-2.81339e+00
  5.50e-02	  8.00e-02	-2.12477e+00
  5.50e-02	  8.50e-02	-2.40076e+00
  5.50e-02	  9.00e-02	-3.23060e+00
  5.50e-02	  9.50e-02	-2.62096e+00
  5.50e-02	  1.00e-01	3.16921e+00
  5.50e-02	  1.05e-01	1.48398e+01
  5.50e-02	  1.10e-01	1.57742e+01
  5.50e-02	  1.15e-01	4.30986e-02

  6.00e-02	  0.00e+00	-3.38272e+01
  6.00e-02	  5.00e-03	-1.29653e+01
  6.00e-02	  1.00e-02	-2.39080e+00
  6.00e-02	  1.50e-02	1.16063e+00
  6.00e-02	  2.00e-02	1.58498e+00
  6.00e-02	  2.50e-02	1.08778e+00
  6.00e-02	  3.00e-02	6.00582e-01
  6.00e-02	  3.50e-02	6.42308e-01
  6.00e-02	  4.00e-02	5.23972e+00
  6.00e-02	  4.50e-02	3.92351e+01
  6.00e-02	  5.00e-02	2.20676e-04
  6.00e-02	  5.50e-02	2.20703e-04
  6.00e-02	  6.00e-02	2.20718e-04
  6.00e-02	  6.50e-02	-1.38948e+01
  6.00e-02	  7.00e-02	-6.10366e+00
  6.00e-02	  7.50e-02	-2.95704e+00
  6.00e-02	  8.00e-02	-2.17674e+00
  6.00e-02	  8.50e-02	-2.42453e+00
  6.00e-02	  9.00e-02	-3.23355e+00
  6.00e-02	  9.50e-02	-2.54579e+00
  6.00e-02	  1.00e-01	3.39372e+00
  6.00e-02	  1.05e-01	1.48776e+01
  6.00e-02	  1.10e-01	1.50328e+01
  6.00e-02	  1.15e-01	1.13449e-01

  6.50e-02	  0.00e+00	-3.35050e+01
  6.50e-02	  5.00e-03	-1.31432e+01
  6.50e-02	  1.00e-02	-2.52680e+00
  6.50e-02	  1.50e-02	1.09346e+00
  6.50e-02	  2.00e-02	1.56043e+00
  6.50e-02	  2.50e-02	1.08205e+00
  6.50e-02	  3.00e-02	6.06200e-01
  6.50e-02	  3.50e-02	7.16630e-01
  6.50e-02	  4.00e-02	5.62265e+00
  6.50e-02	  4.50e-02	3.89874e+01
  6.50e-02	  5.00e-02	2.19814e-04
  6.50e-02	  5.50e-02	2.19837e-04
  6.50e-02	  6.00e-02	2.19849e-04
  6.50e-02	  6.50e-02	-1.32331e+01
  6.50e-02	  7.00e-02	-6.32535e+00
  6.50e-02	  7.50e-02	-3.10192e+00
  6.50e-02	  8.00e-02	-2.23257e+00
  6.50e-02	  8.50e-02	-2.44842e+00
  6.50e-02	  9.00e-02	-3.23362e+00
  6.50e-02	  9.50e-02	-2.47677e+00
  6.50e-02	  1.00e-01	3.57788e+00
  6.50e-02	  1.05e-01	1.48424e+01
  6.50e-02	  1.10e-01	1.44735e+01
  6.50e-02	  1.15e-01	1.69775e-01

  7.00e-02	  0.00e+00	-3.32552e+01
  7.00e-02	  5.00e-03	-1.33050e+01
  7.00e-02	  1.00e-02	-2.64919e+00
  7.00e-02	  1.50e-02	1.03453e+00
  7.00e-02	  2.00e-02	1.53916e+00
  7.00e-02	  2.50e-02	1.07686e+00
  7.00e-02	  3.00e-02	6.12148e-01
  7.00e-02	  3.50e-02	7.94227e-01
  7.00e-02	  4.00e-02	5.99588e+00
  7.00e-02	  4.50e-02	3.87231e+01
  7.00e-02	  5.00e-02	2.19142e-04
  7.00e-02	  5.50e-02	2.19162e-04
  7.00e-02	  6.00e-02	2.19171e-04
  7.00e-02	  6.50e-02	-1.26244e+01
  7.00e-02	  7.00e-02	-6.52167e+00
  7.00e-02	  7.50e-02	-3.24567e+00
  7.00e-02	  8.00e-02	-2.29102e+00
  7.00e-02	  8.50e-02	-2.47210e+00
  7.00e-02	  9.00e-02	-3.23069e+00
  7.00e-02	  9.50e-02	-2.41229e+00
  7.00e-02	  1.00e-01	3.72740e+00
  7.00e-02	  1.05e-01	1.47488e+01
  7.00e-02	  1.10e-01	1.40620e+01
  7.00e-02	  1.15e-01	2.17470e-01

  7.50e-02	  0.00e+00	-3.30425e+01
  7.50e-02	  5.00e-03	-1.34570e+01
  7.50e-02	  1.00e-02	-2.76360e+00
  7.50e-02	  1.50e-02	9.80944e-01
  7.50e-02	  2.00e-02	1.52055e+00
  7.50e-02	  2.50e-02	1.07267e+00
  7.50e-02	  3.00e-02	6.19165e-01
  7.50e-02	  3.50e-02	8.75285e-01
  7.50e-02	  4.00e-02	6.35962e+00
  7.50e-02	  4.50e-02	3.84479e+01
  7.50e-02	  5.00e-02	2.18457e-04
  7.50e-02	  5.50e-02	2.18474e-04
  7.50e-02	  6.00e-02	2.18481e-04
  7.50e-02	  6.50e-02	-1.20684e+01
  7.50e-02	  7.00e-02	-6.69258e+00
  7.50e-02	  7.50e-02	-3.38633e+00
  7.50e-02	  8.00e-02	-2.35105e+00
  7.50e-02	  8.50e-02	-2.49541e+00
  7.50e-02	  9.00e-02	-3.22488e+00
  7.50e-02	  9.50e-02	-2.35098e+00
  7.50e-02	  1.00e-01	3.84794e+00
  7.50e-02	  1.05e-01	1.46106e+01
  7.50e-02	  1.10e-01	1.37695e+01
  7.50e-02	  1.15e-01	2.59267e-01

  8.00e-02	  0.00e+00	-3.28496e+01
  8.00e-02	  5.00e-03	-1.36022e+01
  8.00e-02	  1.00e-02	-2.87335e+00
  8.00e-02	  1.50e-02	9.30518e-01
  8.00e-02	  2.00e-02	1.50371e+00
  8.00e-02	  2.50e-02	1.06941e+00
  8.00e-02	  3.00e-02	6.27504e-01
  8.00e-02	  3.50e-02	9.59717e-01
  8.00e-02	  4.00e-02	6.71401e+00
  8.00e-02	  4.50e-02	3.81660e+01
  8.00e-02	  5.00e-02	2.17599e-04
  8.00e-02	  5.50e-02	2.17613e-04
  8.00e-02	  6.00e-02	2.17620e-04
  8.00e-02	  6.50e-02	-1.15643e+01
  8.00e-02	  7.00e-02	-6.83849e+00
  8.00e-02	  7.50e-02	-3.52232e+00
  8.00e-02	  8.00e-02	-2.41184e+00
  8.00e-02	  8.50e-02	-2.51832e+00
  8.00e-02	  9.00e-02	-3.21639e+00
  8.00e-02	  9.50e-02	-2.29160e+00
  8.00e-02	  1.00e-01	3.94489e+00
  8.00e-02	  1.05e-01	1.44400e+01
  8.00e-02	  1.10e-01	1.35714e+01
  8.00e-02	  1.15e-01	2.96868e-01

  8.50e-02	  0.00e+00	-3.26691e+01
  8.50e-02	  5.00e-03	-1.37416e+01
  8.50e-02	  1.00e-02	-2.98018e+00
  8.50e-02	  1.50e-02	8.81864e-01
  8.50e-02	  2.00e-02	1.48794e+00
  8.50e-02	  2.50e-02	1.06685e+00
  8.50e-02	  3.00e-02	6.37194e-01
  8.50e-02	  3.50e-02	1.04729e+00
  8.50e-02	  4.00e-02	7.05915e+00
  8.50e-02	  4.50e-02	3.78805e+01
  8.50e-02	  5.00e-02	2.16460e-04
  8.50e-02	  5.50e-02	2.16473e-04
  8.50e-02	  6.00e-02	2.16478e-04
  8.50e-02	  6.50e-02	-1.11108e+01
  8.50e-02	  7.00e-02	-6.96024e+00
  8.50e-02	  7.50e-02	-3.65236e+00
  8.50e-02	  8.00e-02	-2.47270e+00
  8.50e-02	  8.50e-02	-2.54085e+00
  8.50e-02	  9.00e-02	-3.20544e+00
  8.50e-02	  9.50e-02	-2.23304e+00
  8.50e-02	  1.00e-01	4.02313e+00
  8.50e-02	  1.05e-01	1.42475e+01
  8.50e-02	  1.10e-01	1.34470e+01
  8.50e-02	  1.15e-01	3.31265e-01

  9.00e-02	  0.00e+00	-3.24981e+01
  9.00e-02	  5.00e-03	-1.38758e+01
  9.00e-02	  1.00e-02	-3.08494e+00
  9.00e-02	  1.50e-02	8.34200e-01
  9.00e-02	  2.00e-02	1.47274e+00
  9.00e-02	  2.50e-02	1.06478e+00
  9.00e-02	  3.00e-02	6.48177e-01
  9.00e-02	  3.50e-02	1.13773e+00
  9.00e-02	  4.00e-02	7.39513e+00
  9.00e-02	  4.50e-02	3.75938e+01
  9.00e-02	  5.00e-02	2.14978e-04
  9.00e-02	  5.50e-02	2.14988e-04
  9.00e-02	  6.00e-02	2.14992e-04
  9.00e-02	  6.50e-02	-1.07061e+01
  9.00e-02	  7.00e-02	-7.05904e+00
  9.00e-02	  7.50e-02	-3.77554e+00
  9.00e-02	  8.00e-02	-2.53308e+00
  9.00e-02	  8.50e-02	-2.56302e+00
  9.00e-02	  9.00e-02	-3.19228e+00
  9.00e-02	  9.50e-02	-2.17435e+00
  9.00e-02	  1.00e-01	4.08697e+00
  9.00e-02	  1.05e-01	1.40417e+01
  9.00e-02	  1.10e-01	1.33789e+01
  9.00e-02	  1.15e-01	3.62914e-01

  9.50e-02	  0.00e+00	-3.23350e+01
  9.50e-02	  5.00e-03	-1.40050e+01
  9.50e-02	  1.00e-02	-3.18804e+00
  9.50e-02	  1.50e-02	7.87106e-01
  9.50e-02	  2.00e-02	1.45782e+00
  9.50e-02	  2.50e-02	1.06304e+00
  9.50e-02	  3.00e-02	6.60382e-01
  9.50e-02	  3.50e-02	1.23074e+00
  9.50e-02	  4.00e-02	7.72204e+00
  9.50e-02	  4.50e-02	3.73075e+01
  9.50e-02	  5.00e-02	2.13126e-04
  9.50e-02	  5.50e-02	2.13135e-04
  9.50e-02	  6.00e-02	2.13138e-04
  9.50e-02	  6.50e-02	-1.03480e+01
  9.50e-02	  7.00e-02	-7.13648e+00
  9.50e-02	  7.50e-02	-3.89118e+00
  9.50e-02	  8.00e-02	-2.59250e+00
  9.50e-02	  8.50e-02	-2.58485e+00
  9.50e-02	  9.00e-02	-3.17708e+00
  9.50e-02	  9.50e-02	-2.11476e+00
  9.50e-02	  1.00e-01	4.14008e+00
  9.50e-02	  1.05e-01	1.38295e+01
  9.50e-02	  1.10e-01	1.33530e+01
  9.50e-02	  1.15e-01	3.91933e-01

  1.00e-01	  0.00e+00	-3.21789e+01
  1.00e-01	  5.00e-03	-1.41294e+01
  1.00e-01	  1.00e-02	-3.28969e+00
  1.00e-01	  1.50e-02	7.40363e-01
  1.00e-01	  2.00e-02	1.44301e+00
  1.00e-01	  2.50e-02	1.06154e+00
  1.00e-01	  3.00e-02	6.73748e-01
  1.00e-01	  3.50e-02	1.32604e+00
  1.00e-01	  4.00e-02	8.04000e+00
  1.00e-01	  4.50e-02	3.70229e+01
  1.00e-01	  5.00e-02	2.10910e-04
  1.00e-01	  5.50e-02	2.10917e-04
  1.00e-01	  6.00e-02	2.10920e-04
  1.00e-01	  6.50e-02	-1.00340e+01
  1.00e-01	  7.00e-02	-7.19436e+00
  1.00e-01	  7.50e-02	-3.99888e+00
  1.00e-01	  8.00e-02	-2.65061e+00
  1.00e-01	  8.50e-02	-2.60632e+00
  1.00e-01	  9.00e-02	-3.16000e+00
  1.00e-01	  9.50e-02	-2.05367e+00
  1.00e-01	  1.00e-01	4.18547e+00
  1.00e-01	  1.05e-01	1.36161e+01
  1.00e-01	  1.10e-01	1.33576e+01
  1.00e-01	  1.15e-01	4.18282e-01

  1.05e-01	  0.00e+00	-3.20290e+01
  1.05e-01	  5.00e-03	-1.42493e+01
  1.05e-01	  1.00e-02	-3.39003e+00
  1.05e-01	  1.50e-02	6.93847e-01
  1.05e-01	  2.00e-02	1.42823e+00
  1.05e-01	  2.50e-02	1.06023e+00
  1.05e-01	  3.00e-02	6.88228e-01
  1.05e-01	  3.50e-02	1.42337e+00
  1.05e-01	  4.00e-02	8.34912e+00
  1.05e-01	  4.50e-02	3.67409e+01
  1.05e-01	  5.00e-02	2.08350e-04
  1.05e-01	  5.50e-02	2.08357e-04
  1.05e-01	  6.00e-02	2.08359e-04
  1.05e-01	  6.50e-02	-9.76125e+00
  1.05e-01	  7.00e-02	-7.23472e+00
  1.05e-01	  7.50e-02	-4.09845e+00
  1.05e-01	  8.00e-02	-2.70709e+00
  1.05e-01	  8.50e-02	-2.62740e+00
  1.05e-01	  9.00e-02	-3.14118e+00
  1.05e-01	  9.50e-02	-1.99066e+00
  1.05e-01	  1.00e-01	4.22555e+00
  1.05e-01	  1.05e-01	1.34056e+01
  1.05e-01	  1.10e-01	1.33833e+01
  1.05e-01	  1.15e-01	4.41887e-01

  1.10e-01	  0.00e+00	-3.18845e+01
  1.10e-01	  5.00e-03	-1.43651e+01
  1.10e-01	  1.00e-02	-3.48918e+00
  1.10e-01	  1.50e-02	6.47480e-01
  1.10e-01	  2.00e-02	1.41342e+00
  1.10e-01	  2.50e-02	1.05907e+00
  1.10e-01	  3.00e-02	7.03784e-01
  1.10e-01	  3.50e-02	1.52252e+00
  1.10e-01	  4.00e-02	8.64954e+00
  1.10e-01	  4.50e-02	3.64620e+01
  1.10e-01	  5.00e-02	2.05483e-04
  1.10e-01	  5.50e-02	2.05488e-04
  1.10e-01	  6.00e-02	2.05490e-04
  1.10e-01	  6.50e-02	-9.52678e+00
  1.10e-01	  7.00e-02	-7.25969e+00
  1.10e-01	  7.50e-02	-4.18990e+00
  1.10e-01	  8.00e-02	-2.76172e+00
  1.10e-01	  8.50e-02	-2.64802e+00
  1.10e-01	  9.00e-02	-3.12071e+00
  1.10e-01	  9.50e-02	-1.92546e+00
  1.10e-01	  1.00e-01	4.26221e+00
  1.10e-01	  1.05e-01	1.32009e+01
  1.10e-01	  1.10e-01	1.34226e+01
  1.10e-01	  1.15e-01	4.62716e-01

  1.15e-01	  0.00e+00	-3.17446e+01
  1.15e-01	  5.00e-03	-1.44768e+01
  1.15e-01	  1.00e-02	-3.58722e+00
  1.15e-01	  1.50e-02	6.01207e-01
  1.15e-01	  2.00e-02	1.39855e+00
  1.15e-01	  2.50e-02	1.05806e+00
  1.15e-01	  3.00e-02	7.20387e-01
  1.15e-01	  3.50e-02	1.62327e+00
  1.15e-01	  4.00e-02	8.94141e+00
  1.15e-01	  4.50e-02	3.61868e+01
  1.15e-01	  5.00e-02	2.02345e-04
  1.15e-01	  5.50e-02	2.02349e-04
  1.15e-01	  6.00e-02	2.02350e-04
  1.15e-01	  6.50e-02	-9.32736e+00
  1.15e-01	  7.00e-02	-7.27144e+00
  1.15e-01	  7.50e-02	-4.27339e+00
  1.15e-01	  8.00e-02	-2.81434e+00
  1.15e-01	  8.50e-02	-2.66811e+00
  1.15e-01	  9.00e-02	-3.09866e+00
  1.15e-01	  9.50e-02	-1.85796e+00
  1.15e-01	  1.00e-01	4.29685e+00
  1.15e-01	  1.05e-01	1.30040e+01
  1.15e-01	  1.10e-01	1.34696e+01
  1.15e-01	  1.15e-01	4.80809e-01

  1.20e-01	  0.00e+00	-3.16089e+01
  1.20e-01	  5.00e-03	-1.45848e+01
  1.20e-01	  1.00e-02	-3.68421e+00
  1.20e-01	  1.50e-02	5.54988e-01
  1.20e-01	  2.00e-02	1.38359e+00
  1.20e-01	  2.50e-02	1.05718e+00
  1.20e-01	  3.00e-02	7.38012e-01
  1.20e-01	  3.50e-02	1.72543e+00
  1.20e-01	  4.00e-02	9.22488e+00
  1.20e-01	  4.50e-02	3.59155e+01
  1.20e-01	  5.00e-02	1.98972e-04
  1.20e-01	  5.50e-02	1.98976e-04
  1.20e-01	  6.00e-02	1.98977e-04
  1.20e-01	  6.50e-02	-9.15975e+00
  1.20e-01	  7.00e-02	-7.27212e+00
  1.20e-01	  7.50e-02	-4.34921e+00
  1.20e-01	  8.00e-02	-2.86483e+00
  1.20e-01	  8.50e-02	-2.68759e+00
  1.20e-01	  9.00e-02	-3.07509e+00
  1.20e-01	  9.50e-02	-1.78813e+00
  1.20e-01	  1.00e-01	4.33049e+00
  1.20e-01	  1.05e-01	1.28159e+01
  1.20e-01	  1.10e-01	1.35199e+01
  1.20e-01	  1.15e-01	4.96284e-01

  1.25e-01	  0.00e+00	-3.14768e+01
  1.25e-01	  5.00e-03	-1.46893e+01
  1.25e-01	  1.00e-02	-3.78022e+00
  1.25e-01	  1.50e-02	5.08792e-01
  1.25e-01	  2.00e-02	1.36854e+00
  1.25e-01	  2.50e-02	1.05643e+00
  1.25e-01	  3.00e-02	7.56634e-01
  1.25e-01	  3.50e-02	1.82881e+00
  1.25e-01	  4.00e-02	9.50011e+00
  1.25e-01	  4.50e-02	3.56484e+01
  1.25e-01	  5.00e-02	1.95396e-04
  1.25e-01	  5.50e-02	1.95399e-04
  1.25e-01	  6.00e-02	1.95400e-04
  1.25e-01	  6.50e-02	-9.02073e+00
  1.25e-01	  7.00e-02	-7.26378e+00
  1.25e-01	  7.50e-02	-4.41773e+00
  1.25e-01	  8.00e-02	-2.91313e+00
  1.25e-01	  8.50e-02	-2.70636e+00
  1.25e-01	  9.00e-02	-3.05005e+00
  1.25e-01	  9.50e-02	-1.71606e+00
  1.25e-01	  1.00e-01	4.36384e+00
  1.25e-01	  1.05e-01	1.26376e+01
  1.25e-01	  1.10e-01	1.35700e+01
  1.25e-01	  1.15e-01	5.09321e-01

  1.30e-01	  0.00e+00	-3.13480e+01
  1.30e-01	  5.00e-03	-1.47903e+01
  1.30e-01	  1.00e-02	-3.87529e+00
  1.30e-01	  1.50e-02	4.62599e-01
  1.30e-01	  2.00e-02	1.35339e+00
  1.30e-01	  2.50e-02	1.05582e+00
  1.30e-01	  3.00e-02	7.76231e-01
  1.30e-01	  3.50e-02	1.93326e+00
  1.30e-01	  4.00e-02	9.76726e+00
  1.30e-01	  4.50e-02	3.53856e+01
  1.30e-01	  5.00e-02	1.91643e-04
  1.30e-01	  5.50e-02	1.91645e-04
  1.30e-01	  6.00e-02	1.91646e-04
  1.30e-01	  6.50e-02	-8.90714e+00
  1.30e-01	  7.00e-02	-7.24833e+00
  1.30e-01	  7.50e-02	-4.47941e+00
  1.30e-01	  8.00e-02	-2.95923e+00
  1.30e-01	  8.50e-02	-2.72434e+00
  1.30e-01	  9.00e-02	-3.02360e+00
  1.30e-01	  9.50e-02	-1.64192e+00
  1.30e-01	  1.00e-01	4.39734e+00
  1.30e-01	  1.05e-01	1.24691e+01
  1.30e-01	  1.10e-01	1.36175e+01
  1.30e-01	  1.15e-01	5.20146e-01

  1.35e-01	  0.00e+00	-3.12223e+01
  1.35e-01	  5.00e-03	-1.48880e+01
  1.35e-01	  1.00e-02	-3.96943e+00
  1.35e-01	  1.50e-02	4.16395e-01
  1.35e-01	  2.00e-02	1.33812e+00
  1.35e-01	  2.50e-02	1.05535e+00
  1.35e-01	  3.00e-02	7.96778e-01
  1.35e-01	  3.50e-02	2.03863e+00
  1.35e-01	  4.00e-02	1.00265e+01
  1.35e-01	  4.50e-02	3.51272e+01
  1.35e-01	  5.00e-02	1.87728e-04
  1.35e-01	  5.50e-02	1.87730e-04
  1.35e-01	  6.00e-02	1.87731e-04
  1.35e-01	  6.50e-02	-8.81596e+00
  1.35e-01	  7.00e-02	-7.22753e+00
  1.35e-01	  7.50e-02	-4.53474e+00
  1.35e-01	  8.00e-02	-3.00313e+00
  1.35e-01	  8.50e-02	-2.74145e+00
  1.35e-01	  9.00e-02	-2.99576e+00
  1.35e-01	  9.50e-02	-1.56591e+00
  1.35e-01	  1.00e-01	4.43124e+00
  1.35e-01	  1.05e-01	1.23104e+01
  1.35e-01	  1.10e-01	1.36608e+01
  1.35e-01	  1.15e-01	5.29011e-01

  1.40e-01	  0.00e+00	-3.10994e+01
  1.40e-01	  5.00e-03	-1.49826e+01
  1.40e-01	  1.00e-02	-4.06268e+00
  1.40e-01	  1.50e-02	3.70169e-01
  1.40e-01	  2.00e-02	1.32274e+00
  1.40e-01	  2.50e-02	1.05501e+00
  1.40e-01	  3.00e-02	8.18251e-01
  1.40e-01	  3.50e-02	2.14475e+00
  1.40e-01	  4.00e-02	1.02780e+01
  1.40e-01	  4.50e-02	3.48733e+01
  1.40e-01	  5.00e-02	1.83665e-04
  1.40e-01	  5.50e-02	1.83666e-04
  1.40e-01	  6.00e-02	1.83667e-04
  1.40e-01	  6.50e-02	-8.74434e+00
  1.40e-01	  7.00e-02	-7.20292e+00
  1.40e-01	  7.50e-02	-4.58425e+00
  1.40e-01	  8.00e-02	-3.04487e+00
  1.40e-01	  8.50e-02	-2.75762e+00
  1.40e-01	  9.00e-02	-2.96660e+00
  1.40e-01	  9.50e-02	-1.48828e+00
  1.40e-01	  1.00e-01	4.46565e+00
  1.40e-01	  1.05e-01	1.21613e+01
  1.40e-01	  1.10e-01	1.36986e+01
  1.40e-01	  1.15e-01	5.36175e-01

  1.45e-01	  0.00e+00	-3.09791e+01
  1.45e-01	  5.00e-03	-1.50741e+01
  1.45e-01	  1.00e-02	-4.15505e+00
  1.45e-01	  1.50e-02	3.23918e-01
  1.45e-01	  2.00e-02	1.30723e+00
  1.45e-01	  2.50e-02	1.05481e+00
  1.45e-01	  3.00e-02	8.40628e-01
  1.45e-01	  3.50e-02	2.25152e+00
  1.45e-01	  4.00e-02	1.05219e+01
  1.45e-01	  4.50e-02	3.46240e+01
  1.45e-01	  5.00e-02	1.79458e-04
  1.45e-01	  5.50e-02	1.79459e-04
  1.45e-01	  6.00e-02	1.79459e-04
  1.45e-01	  6.50e-02	-8.68963e+00
  1.45e-01	  7.00e-02	-7.17583e+00
  1.45e-01	  7.50e-02	-4.62848e+00
  1.45e-01	  8.00e-02	-3.08452e+00
  1.45e-01	  8.50e-02	-2.77279e+00
  1.45e-01	  9.00e-02	-2.93618e+00
  1.45e-01	  9.50e-02	-1.40930e+00
  1.45e-01	  1.00e-01	4.50056e+00
  1.45e-01	  1.05e-01	1.20214e+01
  1.45e-01	  1.10e-01	1.37306e+01
  1.45e-01	  1.15e-01	5.41893e-01

  1.50e-01	  0.00e+00	-3.08613e+01
  1.50e-01	  5.00e-03	-1.51628e+01
  1.50e-01	  1.00e-02	-4.24655e+00
  1.50e-01	  1.50e-02	2.77639e-01
  1.50e-01	  2.00e-02	1.29161e+00
  1.50e-01	  2.50e-02	1.05476e+00
  1.50e-01	  3.00e-02	8.63882e-01
  1.50e-01	  3.50e-02	2.35879e+00
  1.50e-01	  4.00e-02	1.07585e+01
  1.50e-01	  4.50e-02	3.43791e+01
  1.50e-01	  5.00e-02	1.75108e-04
  1.50e-01	  5.50e-02	1.75109e-04
  1.50e-01	  6.00e-02	1.75109e-04
  1.50e-01	  6.50e-02	-8.64939e+00
  1.50e-01	  7.00e-02	-7.14742e+00
  1.50e-01	  7.50e-02	-4.66794e+00
  1.50e-01	  8.00e-02	-3.12215e+00
  1.50e-01	  8.50e-02	-2.78691e+00
  1.50e-01	  9.00e-02	-2.90455e+00
  1.50e-01	  9.50e-02	-1.32926e+00
  1.50e-01	  1.00e-01	4.53589e+00
  1.50e-01	  1.05e-01	1.18901e+01
  1.50e-01	  1.10e-01	1.37563e+01
  1.50e-01	  1.15e-01	5.46404e-01

  1.55e-01	  0.00e+00	-3.07458e+01
  1.55e-01	  5.00e-03	-1.52486e+01
  1.55e-01	  1.00e-02	-4.33718e+00
  1.55e-01	  1.50e-02	2.31331e-01
  1.55e-01	  2.00e-02	1.27587e+00
  1.55e-01	  2.50e-02	1.05485e+00
  1.55e-01	  3.00e-02	8.87991e-01
  1.55e-01	  3.50e-02	2.46646e+00
  1.55e-01	  4.00e-02	1.09877e+01
  1.55e-01	  4.50e-02	3.41389e+01
  1.55e-01	  5.00e-02	1.70613e-04
  1.55e-01	  5.50e-02	1.70614e-04
  1.55e-01	  6.00e-02	1.70615e-04
  1.55e-01	  6.50e-02	-8.62142e+00
  1.55e-01	  7.00e-02	-7.11863e+00
  1.55e-01	  7.50e-02	-4.70314e+00
  1.55e-01	  8.00e-02	-3.15785e+00
  1.55e-01	  8.50e-02	-2.79996e+00
  1.55e-01	  9.00e-02	-2.87179e+00
  1.55e-01	  9.50e-02	-1.24844e+00
  1.55e-01	  1.00e-01	4.57153e+00
  1.55e-01	  1.05e-01	1.17669e+01
  1.55e-01	  1.10e-01	1.37759e+01
  1.55e-01	  1.15e-01	5.49926e-01

  1.60e-01	  0.00e+00	-3.06326e+01
  1.60e-01	  5.00e-03	-1.53317e+01
  1.60e-01	  1.00e-02	-4.42697e+00
  1.60e-01	  1.50e-02	1.84994e-01
  1.60e-01	  2.00e-02	1.26002e+00
  1.60e-01	  2.50e-02	1.05510e+00
  1.60e-01	  3.00e-02	9.12928e-01
  1.60e-01	  3.50e-02	2.57441e+00
  1.60e-01	  4.00e-02	1.12100e+01
  1.60e-01	  4.50e-02	3.39031e+01
  1.60e-01	  5.00e-02	1.65971e-04
  1.60e-01	  5.50e-02	1.65971e-04
  1.60e-01	  6.00e-02	1.65971e-04
  1.60e-01	  6.50e-02	-8.60374e+00
  1.60e-01	  7.00e-02	-7.09022e+00
  1.60e-01	  7.50e-02	-4.73459e+00
  1.60e-01	  8.00e-02	-3.19173e+00
  1.60e-01	  8.50e-02	-2.81193e+00
  1.60e-01	  9.00e-02	-2.83797e+00
  1.60e-01	  9.50e-02	-1.16712e+00
  1.60e-01	  1.00e-01	4.60730e+00
  1.60e-01	  1.05e-01	1.16513e+01
  1.60e-01	  1.10e-01	1.37895e+01
  1.60e-01	  1.15e-01	5.52657e-01

  1.65e-01	  0.00e+00	-3.05214e+01
  1.65e-01	  5.00e-03	-1.54122e+01
  1.65e-01	  1.00e-02	-4.51592e+00
  1.65e-01	  1.50e-02	1.38629e-01
  1.65e-01	  2.00e-02	1.24404e+00
  1.65e-01	  2.50e-02	1.05550e+00
  1.65e-01	  3.00e-02	9.38669e-01
  1.65e-01	  3.50e-02	2.68254e+00
  1.65e-01	  4.00e-02	1.14253e+01
  1.65e-01	  4.50e-02	3.36719e+01
  1.65e-01	  5.00e-02	1.61174e-04
  1.65e-01	  5.50e-02	1.61174e-04
  1.65e-01	  6.00e-02	1.61174e-04
  1.65e-01	  6.50e-02	-8.59457e+00
  1.65e-01	  7.00e-02	-7.06279e+00
  1.65e-01	  7.50e-02	-4.76272e+00
  1.65e-01	  8.00e-02	-3.22388e+00
  1.65e-01	  8.50e-02	-2.82279e+00
  1.65e-01	  9.00e-02	-2.80320e+00
  1.65e-01	  9.50e-02	-1.08557e+00
  1.65e-01	  1.00e-01	4.64304e+00
  1.65e-01	  1.05e-01	1.15426e+01
  1.65e-01	  1.10e-01	1.37977e+01
  1.65e-01	  1.15e-01	5.54771e-01

  1.70e-01	  0.00e+00	-3.04123e+01
  1.70e-01	  5.00e-03	-1.54901e+01
  1.70e-01	  1.00e-02	-4.60402e+00
  1.70e-01	  1.50e-02	9.22342e-02
  1.70e-01	  2.00e-02	1.22795e+00
  1.70e-01	  2.50e-02	1.05606e+00
  1.70e-01	  3.00e-02	9.65186e-01
  1.70e-01	  3.50e-02	2.79075e+00
  1.70e-01	  4.00e-02	1.16339e+01
  1.70e-01	  4.50e-02	3.34452e+01
  1.70e-01	  5.00e-02	1.56217e-04
  1.70e-01	  5.50e-02	1.56217e-04
  1.70e-01	  6.00e-02	1.56217e-04
  1.70e-01	  6.50e-02	-8.59234e+00
  1.70e-01	  7.00e-02	-7.03680e+00
  1.70e-01	  7.50e-02	-4.78799e+00
  1.70e-01	  8.00e-02	-3.25441e+00
  1.70e-01	  8.50e-02	-2.83258e+00
  1.70e-01	  9.00e-02	-2.76756e+00
  1.70e-01	  9.50e-02	-1.00405e+00
  1.70e-01	  1.00e-01	4.67856e+00
  1.70e-01	  1.05e-01	1.14403e+01
  1.70e-01	  1.10e-01	1.38009e+01
  1.70e-01	  1.15e-01	5.56420e-01

  1.75e-01	  0.00e+00	-3.03051e+01
  1.75e-01	  5.00e-03	-1.55655e+01
  1.75e-01	  1.00e-02	-4.69131e+00
  1.75e-01	  1.50e-02	4.58071e-02
  1.75e-01	  2.00e-02	1.21173e+00
  1.75e-01	  2.50e-02	1.05677e+00
  1.75e-01	  3.00e-02	9.92453e-01
  1.75e-01	  3.50e-02	2.89896e+00
  1.75e-01	  4.00e-02	1.18359e+01
  1.75e-01	  4.50e-02	3.32229e+01
  1.75e-01	  5.00e-02	1.51094e-04
  1.75e-01	  5.50e-02	1.51094e-04
  1.75e-01	  6.00e-02	1.51094e-04
  1.75e-01	  6.50e-02	-8.59564e+00
  1.75e-01	  7.00e-02	-7.01259e+00
  1.75e-01	  7.50e-02	-4.81077e+00
  1.75e-01	  8.00e-02	-3.28343e+00
  1.75e-01	  8.50e-02	-2.84129e+00
  1.75e-01	  9.00e-02	-2.73114e+00
  1.75e-01	  9.50e-02	-9.22824e-01
  1.75e-01	  1.00e-01	4.71367e+00
  1.75e-01	  1.05e-01	1.13439e+01
  1.75e-01	  1.10e-01	1.37996e+01
  1.75e-01	  1.15e-01	5.57741e-01

  1.80e-01	  0.00e+00	-3.01998e+01
  1.80e-01	  5.00e-03	-1.56386e+01
  1.80e-01	  1.00e-02	-4.77777e+00
  1.80e-01	  1.50e-02	-6.59537e-04
  1.80e-01	  2.00e-02	1.19539e+00
  1.80e-01	  2.50e-02	1.05762e+00
  1.80e-01	  3.00e-02	1.02044e+00
  1.80e-01	  3.50e-02	3.00709e+00
  1.80e-01	  4.00e-02	1.20315e+01
  1.80e-01	  4.50e-02	3.30052e+01
  1.80e-01	  5.00e-02	1.45799e-04
  1.80e-01	  5.50e-02	1.45799e-04
  1.80e-01	  6.00e-02	1.45799e-04
  1.80e-01	  6.50e-02	-8.60325e+00
  1.80e-01	  7.00e-02	-6.99037e+00
  1.80e-01	  7.50e-02	-4.83144e+00
  1.80e-01	  8.00e-02	-3.31104e+00
  1.80e-01	  8.50e-02	-2.84897e+00
  1.80e-01	  9.00e-02	-2.69406e+00
  1.80e-01	  9.50e-02	-8.42122e-01
  1.80e-01	  1.00e-01	4.74820e+00
  1.80e-01	  1.05e-01	1.12528e+01
  1.80e-01	  1.10e-01	1.37946e+01
  1.80e-01	  1.15e-01	5.58857e-01

  1.85e-01	  0.00e+00	-3.00962e+01
  1.85e-01	  5.00e-03	-1.57094e+01
  1.85e-01	  1.00e-02	-4.86343e+00
  1.85e-01	  1.50e-02	-4.71802e-02
  1.85e-01	  2.00e-02	1.17889e+00
  1.85e-01	  2.50e-02	1.05861e+00
  1.85e-01	  3.00e-02	1.04912e+00
  1.85e-01	  3.50e-02	3.11505e+00
  1.85e-01	  4.00e-02	1.22209e+01
  1.85e-01	  4.50e-02	3.27920e+01
  1.85e-01	  5.00e-02	1.40327e-04
  1.85e-01	  5.50e-02	1.40328e-04
  1.85e-01	  6.00e-02	1.40328e-04
  1.85e-01	  6.50e-02	-8.61405e+00
  1.85e-01	  7.00e-02	-6.97030e+00
  1.85e-01	  7.50e-02	-4.85034e+00
  1.85e-01	  8.00e-02	-3.33736e+00
  1.85e-01	  8.50e-02	-2.85565e+00
  1.85e-01	  9.00e-02	-2.65643e+00
  1.85e-01	  9.50e-02	-7.62178e-01
  1.85e-01	  1.00e-01	4.78195e+00
  1.85e-01	  1.05e-01	1.11667e+01
  1.85e-01	  1.10e-01	1.37866e+01
  1.85e-01	  1.15e-01	5.59879e-01

  1.90e-01	  0.00e+00	-2.99943e+01
  1.90e-01	  5.00e-03	-1.57779e+01
  1.90e-01	  1.00e-02	-4.94828e+00
  1.90e-01	  1.50e-02	-9.37811e-02
  1.90e-01	  2.00e-02	1.16221e+00
  1.90e-01	  2.50e-02	1.05971e+00
  1.90e-01	  3.00e-02	1.07845e+00
  1.90e-01	  3.50e-02	3.22278e+00
  1.90e-01	  4.00e-02	1.24043e+01
  1.90e-01	  4.50e-02	3.25834e+01
  1.90e-01	  5.00e-02	1.34677e-04
  1.90e-01	  5.50e-02	1.34677e-04
  1.90e-01	  6.00e-02	1.34677e-04
  1.90e-01	  6.50e-02	-8.62705e+00
  1.90e-01	  7.00e-02	-6.95243e+00
  1.90e-01	  7.50e-02	-4.86776e+00
  1.90e-01	  8.00e-02	-3.36249e+00
  1.90e-01	  8.50e-02	-2.86139e+00
  1.90e-01	  9.00e-02	-2.61837e+00
  1.90e-01	  9.50e-02	-6.83217e-01
  1.90e-01	  1.00e-01	4.81474e+00
  1.90e-01	  1.05e-01	1.10851e+01
  1.90e-01	  1.10e-01	1.37763e+01
  1.90e-01	  1.15e-01	5.60916e-01

  1.95e-01	  0.00e+00	-2.98941e+01
  1.95e-01	  5.00e-03	-1.58441e+01
  1.95e-01	  1.00e-02	-5.03233e+00
  1.95e-01	  1.50e-02	-1.40509e-01
  1.95e-01	  2.00e-02	1.14527e+00
  1.95e-01	  2.50e-02	1.06087e+00
  1.95e-01	  3.00e-02	1.10840e+00
  1.95e-01	  3.50e-02	3.33023e+00
  1.95e-01	  4.00e-02	1.25818e+01
  1.95e-01	  4.50e-02	3.23796e+01
  1.95e-01	  5.00e-02	1.28850e-04
  1.95e-01	  5.50e-02	1.28850e-04
  1.95e-01	  6.00e-02	1.28850e-04
  1.95e-01	  6.50e-02	-8.64136e+00
  1.95e-01	  7.00e-02	-6.93678e+00
  1.95e-01	  7.50e-02	-4.88400e+00
  1.95e-01	  8.00e-02	-3.38655e+00
  1.95e-01	  8.50e-02	-2.86624e+00
  1.95e-01	  9.00e-02	-2.58000e+00
  1.95e-01	  9.50e-02	-6.05462e-01
  1.95e-01	  1.00e-01	4.84639e+00
  1.95e-01	  1.05e-01	1.10076e+01
  1.95e-01	  1.10e-01	1.37645e+01
  1.95e-01	  1.15e-01	5.62076e-01

  2.00e-01	  0.00e+00	-2.97956e+01
  2.00e-01	  5.00e-03	-1.59081e+01
  2.00e-01	  1.00e-02	-5.11559e+00
  2.00e-01	  1.50e-02	-1.87441e-01
  2.00e-01	  2.00e-02	1.12797e+00
  2.00e-01	  2.50e-02	1.06199e+00
  2.00e-01	  3.00e-02	1.13888e+00
  2.00e-01	  3.50e-02	3.43733e+00
  2.00e-01	  4.00e-02	1.27538e+01
  2.00e-01	  4.50e-02	3.21810e+01
  2.00e-01	  5.00e-02	1.22857e-04
  2.00e-01	  5.50e-02	1.22857e-04
  2.00e-01	  6.00e-02	1.22857e-04
  2.00e-01	  6.50e-02	-8.65614e+00
  2.00e-01	  7.00e-02	-6.92331e+00
  2.00e-01	  7.50e-02	-4.89931e+00
  2.00e-01	  8.00e-02	-3.40966e+00
  2.00e-01	  8.50e-02	-2.87030e+00
  2.00e-01	  9.00e-02	-2.54147e+00
  2.00e-01	  9.50e-02	-5.29136e-01
  2.00e-01	  1.00e-01	4.87670e+00
  2.00e-01	  1.05e-01	1.09339e+01
  2.00e-01	  1.10e-01	1.37521e+01
  2.00e-01	  1.15e-01	5.63471e-01

  2.05e-01	  0.00e+00	-2.96990e+01
  2.05e-01	  5.00e-03	-1.59698e+01
  2.05e-01	  1.00e-02	-5.19801e+00
  2.05e-01	  1.50e-02	-2.34709e-01
  2.05e-01	  2.00e-02	1.11009e+00
  2.05e-01	  2.50e-02	1.06289e+00
  2.05e-01	  3.00e-02	1.16978e+00
  2.05e-01	  3.50e-02	3.54405e+00
  2.05e-01	  4.00e-02	1.29207e+01
  2.05e-01	  4.50e-02	3.19883e+01
  2.05e-01	  5.00e-02	1.16726e-04
  2.05e-01	  5.50e-02	1.16726e-04
  2.05e-01	  6.00e-02	1.16727e-04
  2.05e-01	  6.50e-02	-8.67062e+00
  2.05e-01	  7.00e-02	-6.91194e+00
  2.05e-01	  7.50e-02	-4.91393e+00
  2.05e-01	  8.00e-02	-3.43197e+00
  2.05e-01	  8.50e-02	-2.87367e+00
  2.05e-01	  9.00e-02	-2.50294e+00
  2.05e-01	  9.50e-02	-4.54460e-01
  2.05e-01	  1.00e-01	4.90549e+00
  2.05e-01	  1.05e-01	1.08636e+01
  2.05e-01	  1.10e-01	1.37399e+01
  2.05e-01	  1.15e-01	5.65226e-01

  2.10e-01	  0.00e+00	-2.96045e+01
  2.10e-01	  5.00e-03	-1.60288e+01
  2.10e-01	  1.00e-02	-5.27952e+00
  2.10e-01	  1.50e-02	-2.82524e-01
  2.10e-01	  2.00e-02	1.09129e+00
  2.10e-01	  2.50e-02	1.06327e+00
  2.10e-01	  3.00e-02	1.20089e+00
  2.10e-01	  3.50e-02	3.65032e+00
  2.10e-01	  4.00e-02	1.30829e+01
  2.10e-01	  4.50e-02	3.18028e+01
  2.10e-01	  5.00e-02	1.10523e-04
  2.10e-01	  5.50e-02	1.10523e-04
  2.10e-01	  6.00e-02	1.10523e-04
  2.10e-01	  6.50e-02	-8.68406e+00
  2.10e-01	  7.00e-02	-6.90255e+00
  2.10e-01	  7.50e-02	-4.92811e+00
  2.10e-01	  8.00e-02	-3.45366e+00
  2.10e-01	  8.50e-02	-2.87653e+00
  2.10e-01	  9.00e-02	-2.46462e+00
  2.10e-01	  9.50e-02	-3.81640e-01
  2.10e-01	  1.00e-01	4.93263e+00
  2.10e-01	  1.05e-01	1.07963e+01
  2.10e-01	  1.10e-01	1.37291e+01
  2.10e-01	  1.15e-01	5.67476e-01

  2.15e-01	  0.00e+00	-2.95129e+01
  2.15e-01	  5.00e-03	-1.60849e+01
  2.15e-01	  1.00e-02	-5.35992e+00
  2.15e-01	  1.50e-02	-3.31232e-01
  2.15e-01	  2.00e-02	1.07096e+00
  2.15e-01	  2.50e-02	1.06254e+00
  2.15e-01	  3.00e-02	1.23176e+00
  2.15e-01	  3.50e-02	3.75598e+00
  2.15e-01	  4.00e-02	1.32412e+01
  2.15e-01	  4.50e-02	3.16270e+01
  2.15e-01	  5.00e-02	1.04380e-04
  2.15e-01	  5.50e-02	1.04380e-04
  2.15e-01	  6.00e-02	1.04380e-04
  2.15e-01	  6.50e-02	-8.69578e+00
  2.15e-01	  7.00e-02	-6.89496e+00
  2.15e-01	  7.50e-02	-4.94204e+00
  2.15e-01	  8.00e-02	-3.47499e+00
  2.15e-01	  8.50e-02	-2.87918e+00
  2.15e-01	  9.00e-02	-2.42677e+00
  2.15e-01	  9.50e-02	-3.10820e-01
  2.15e-01	  1.00e-01	4.95808e+00
  2.15e-01	  1.05e-01	1.07319e+01
  2.15e-01	  1.10e-01	1.37204e+01
  2.15e-01	  1.15e-01	5.70365e-01

  2.20e-01	  0.00e+00	-2.94253e+01
  2.20e-01	  5.00e-03	-1.61371e+01
  2.20e-01	  1.00e-02	-5.43874e+00
  2.20e-01	  1.50e-02	-3.81432e-01
  2.20e-01	  2.00e-02	1.04805e+00
  2.20e-01	  2.50e-02	1.05970e+00
  2.20e-01	  3.00e-02	1.26150e+00
  2.20e-01	  3.50e-02	3.86051e+00
  2.20e-01	  4.00e-02	1.33971e+01
  2.20e-01	  4.50e-02	3.14660e+01
  2.20e-01	  5.00e-02	9.85735e-05
  2.20e-01	  5.50e-02	9.85735e-05
  2.20e-01	  6.00e-02	9.85735e-05
  2.20e-01	  6.50e-02	-8.70516e+00
  2.20e-01	  7.00e-02	-6.88895e+00
  2.20e-01	  7.50e-02	-4.95592e+00
  2.20e-01	  8.00e-02	-3.49635e+00
  2.20e-01	  8.50e-02	-2.88220e+00
  2.20e-01	  9.00e-02	-2.38988e+00
  2.20e-01	  9.50e-02	-2.41972e-01
  2.20e-01	  1.00e-01	4.98231e+00
  2.20e-01	  1.05e-01	1.06702e+01
  2.20e-01	  1.10e-01	1.37144e+01
  2.20e-01	  1.15e-01	5.73992e-01

  2.25e-01	  0.00e+00	-2.93438e+01
  2.25e-01	  5.00e-03	-1.61828e+01
  2.25e-01	  1.00e-02	-5.51503e+00
  2.25e-01	  1.50e-02	-4.34364e-01
  2.25e-01	  2.00e-02	1.02093e+00
  2.25e-01	  2.50e-02	1.05318e+00
  2.25e-01	  3.00e-02	1.28827e+00
  2.25e-01	  3.50e-02	3.96217e+00
  2.25e-01	  4.00e-02	1.35526e+01
  2.25e-01	  4.50e-02	3.13302e+01
  2.25e-01	  5.00e-02	9.36770e-05
  2.25e-01	  5.50e-02	9.36769e-05
  2.25e-01	  6.00e-02	9.36767e-05
  2.25e-01	  6.50e-02	-8.71181e+00
  2.25e-01	  7.00e-02	-6.88421e+00
  2.25e-01	  7.50e-02	-4.96972e+00
  2.25e-01	  8.00e-02	-3.51836e+00
  2.25e-01	  8.50e-02	-2.88687e+00
  2.25e-01	  9.00e-02	-2.35497e+00
  2.25e-01	  9.50e-02	-1.74678e-01
  2.25e-01	  1.00e-01	5.00722e+00
  2.25e-01	  1.05e-01	1.06114e+01
  2.25e-01	  1.10e-01	1.37098e+01
  2.25e-01	  1.15e-01	5.78153e-01

  2.30e-01	  0.00e+00	-2.92727e+01
  2.30e-01	  5.00e-03	-1.62127e+01
  2.30e-01	  1.00e-02	-5.58829e+00
  2.30e-01	  1.50e-02	-4.93151e-01
  2.30e-01	  2.00e-02	9.87274e-01
  2.30e-01	  2.50e-02	1.04106e+00
  2.30e-01	  3.00e-02	1.30851e+00
  2.30e-01	  3.50e-02	4.05537e+00
  2.30e-01	  4.00e-02	1.37089e+01
  2.30e-01	  4.50e-02	3.12436e+01
  2.30e-01	  5.00e-02	-9.78433e-05
  2.30e-01	  5.50e-02	-9.78438e-05
  2.30e-01	  6.00e-02	-9.78444e-05
  2.30e-01	  6.50e-02	-8.71586e+00
  2.30e-01	  7.00e-02	-6.88055e+00
  2.30e-01	  7.50e-02	-4.98264e+00
  2.30e-01	  8.00e-02	-3.54201e+00
  2.30e-01	  8.50e-02	-2.89615e+00
  2.30e-01	  9.00e-02	-2.32473e+00
  2.30e-01	  9.50e-02	-1.07979e-01
  2.30e-01	  1.00e-01	5.03910e+00
  2.30e-01	  1.05e-01	1.05584e+01
  2.30e-01	  1.10e-01	1.36983e+01
  2.30e-01	  1.15e-01	5.80944e-01

  2.35e-01	  0.00e+00	-2.92215e+01
  2.35e-01	  5.00e-03	-1.62449e+01
  2.35e-01	  1.00e-02	-5.58315e+00
  2.35e-01	  1.50e-02	-4.46653e-01
  2.35e-01	  2.00e-02	1.03136e+00
  2.35e-01	  2.50e-02	1.05679e+00
  2.35e-01	  3.00e-02	1.29467e+00
  2.35e-01	  3.50e-02	4.03706e+00
  2.35e-01	  4.00e-02	1.36929e+01
  2.35e-01	  4.50e-02	3.10679e+01
  2.35e-01	  5.00e-02	-4.29082e-03
  2.35e-01	  5.50e-02	-4.29083e-03
  2.35e-01	  6.00e-02	-4.29083e-03
  2.35e-01	  6.50e-02	-8.72178e+00
  2.35e-01	  7.00e-02	-6.87750e+00
  2.35e-01	  7.50e-02	-4.99162e+00
  2.35e-01	  8.00e-02	-3.55411e+00
  2.35e-01	  8.50e-02	-2.90452e+00
  2.35e-01	  9.00e-02	-2.33078e+00
  2.35e-01	  9.50e-02	-1.19283e-01
  2.35e-01	  1.00e-01	4.99395e+00
  2.35e-01	  1.05e-01	1.04900e+01
  2.35e-01	  1.10e-01	1.37167e+01
  2.35e-01	  1.15e-01	5.89404e-01

