  0.00e+00	  0.00e+00	0.00000e+00
  0.00e+00	  5.00e-03	0.00000e+00
  0.00e+00	  1.00e-02	0.00000e+00
  0.00e+00	  1.50e-02	0.00000e+00
  0.00e+00	  2.00e-02	0.00000e+00
  0.00e+00	  2.50e-02	0.00000e+00
  0.00e+00	  3.00e-02	0.00000e+00
  0.00e+00	  3.50e-02	0.00000e+00
  0.00e+00	  4.00e-02	0.00000e+00
  0.00e+00	  4.50e-02	0.00000e+00
  0.00e+00	  5.00e-02	0.00000e+00
  0.00e+00	  5.50e-02	0.00000e+00
  0.00e+00	  6.00e-02	0.00000e+00
  0.00e+00	  6.50e-02	0.00000e+00
  0.00e+00	  7.00e-02	0.00000e+00
  0.00e+00	  7.50e-02	0.00000e+00
  0.00e+00	  8.00e-02	0.00000e+00
  0.00e+00	  8.50e-02	0.00000e+00
  0.00e+00	  9.00e-02	0.00000e+00
  0.00e+00	  9.50e-02	0.00000e+00
  0.00e+00	  1.00e-01	0.00000e+00
  0.00e+00	  1.05e-01	0.00000e+00
  0.00e+00	  1.10e-01	0.00000e+00
  0.00e+00	  1.15e-01	0.00000e+00

  2.50e-03	  0.00e+00	0.00000e+00
  2.50e-03	  5.00e-03	4.86166e-02
  2.50e-03	  1.00e-02	3.33850e-02
  2.50e-03	  1.50e-02	1.89874e-02
  2.50e-03	  2.00e-02	1.08864e-02
  2.50e-03	  2.50e-02	6.51396e-03
  2.50e-03	  3.00e-02	3.91947e-03
  2.50e-03	  3.50e-02	2.18467e-03
  2.50e-03	  4.00e-02	8.07471e-04
  2.50e-03	  4.50e-02	-5.77469e-04
  2.50e-03	  5.00e-02	-3.10793e-05
  2.50e-03	  5.50e-02	-3.10807e-05
  2.50e-03	  6.00e-02	-3.10840e-05
  2.50e-03	  6.50e-02	-3.10943e-05
  2.50e-03	  7.00e-02	-3.77245e-05
  2.50e-03	  7.50e-02	-8.81915e-03
  2.50e-03	  8.00e-02	-8.36492e-03
  2.50e-03	  8.50e-02	-7.03088e-03
  2.50e-03	  9.00e-02	-6.90858e-03
  2.50e-03	  9.50e-02	-8.61426e-03
  2.50e-03	  1.00e-01	-1.36426e-02
  2.50e-03	  1.05e-01	-2.59755e-02
  2.50e-03	  1.10e-01	-4.95273e-02
  2.50e-03	  1.15e-01	-7.27421e-02

  7.50e-03	  0.00e+00	0.00000e+00
  7.50e-03	  5.00e-03	5.17240e-02
  7.50e-03	  1.00e-02	4.67956e-02
  7.50e-03	  1.50e-02	3.11728e-02
  7.50e-03	  2.00e-02	1.90945e-02
  7.50e-03	  2.50e-02	1.17098e-02
  7.50e-03	  3.00e-02	7.15606e-03
  7.50e-03	  3.50e-02	4.06562e-03
  7.50e-03	  4.00e-02	1.68445e-03
  7.50e-03	  4.50e-02	-4.06948e-04
  7.50e-03	  5.00e-02	-3.14403e-05
  7.50e-03	  5.50e-02	-3.14434e-05
  7.50e-03	  6.00e-02	-3.14487e-05
  7.50e-03	  6.50e-02	-3.14600e-05
  7.50e-03	  7.00e-02	-3.48611e-05
  7.50e-03	  7.50e-02	-1.67681e-03
  7.50e-03	  8.00e-02	-4.69088e-03
  7.50e-03	  8.50e-02	-6.46789e-03
  7.50e-03	  9.00e-02	-8.53801e-03
  7.50e-03	  9.50e-02	-1.25013e-02
  7.50e-03	  1.00e-01	-2.10823e-02
  7.50e-03	  1.05e-01	-3.74007e-02
  7.50e-03	  1.10e-01	-5.82466e-02
  7.50e-03	  1.15e-01	-6.30077e-02

  1.25e-02	  0.00e+00	0.00000e+00
  1.25e-02	  5.00e-03	4.23555e-02
  1.25e-02	  1.00e-02	4.54313e-02
  1.25e-02	  1.50e-02	3.44584e-02
  1.25e-02	  2.00e-02	2.28744e-02
  1.25e-02	  2.50e-02	1.46244e-02
  1.25e-02	  3.00e-02	9.16750e-03
  1.25e-02	  3.50e-02	5.33527e-03
  1.25e-02	  4.00e-02	2.36955e-03
  1.25e-02	  4.50e-02	-1.18894e-04
  1.25e-02	  5.00e-02	-3.00753e-05
  1.25e-02	  5.50e-02	-3.00789e-05
  1.25e-02	  6.00e-02	-3.00836e-05
  1.25e-02	  6.50e-02	-3.00922e-05
  1.25e-02	  7.00e-02	-3.20923e-05
  1.25e-02	  7.50e-02	2.02127e-03
  1.25e-02	  8.00e-02	-6.75039e-04
  1.25e-02	  8.50e-02	-3.70296e-03
  1.25e-02	  9.00e-02	-7.15361e-03
  1.25e-02	  9.50e-02	-1.22567e-02
  1.25e-02	  1.00e-01	-2.11916e-02
  1.25e-02	  1.05e-01	-3.43664e-02
  1.25e-02	  1.10e-01	-4.50809e-02
  1.25e-02	  1.15e-01	-3.85228e-02

  1.75e-02	  0.00e+00	0.00000e+00
  1.75e-02	  5.00e-03	3.02111e-02
  1.75e-02	  1.00e-02	3.69383e-02
  1.75e-02	  1.50e-02	3.12442e-02
  1.75e-02	  2.00e-02	2.25062e-02
  1.75e-02	  2.50e-02	1.51513e-02
  1.75e-02	  3.00e-02	9.81203e-03
  1.75e-02	  3.50e-02	5.85487e-03
  1.75e-02	  4.00e-02	2.70260e-03
  1.75e-02	  4.50e-02	7.07892e-05
  1.75e-02	  5.00e-02	-2.88005e-05
  1.75e-02	  5.50e-02	-2.88039e-05
  1.75e-02	  6.00e-02	-2.88076e-05
  1.75e-02	  6.50e-02	-2.88138e-05
  1.75e-02	  7.00e-02	-3.01642e-05
  1.75e-02	  7.50e-02	3.53524e-03
  1.75e-02	  8.00e-02	2.00800e-03
  1.75e-02	  8.50e-02	-9.02538e-04
  1.75e-02	  9.00e-02	-4.57367e-03
  1.75e-02	  9.50e-02	-9.57384e-03
  1.75e-02	  1.00e-01	-1.69270e-02
  1.75e-02	  1.05e-01	-2.53394e-02
  1.75e-02	  1.10e-01	-2.79900e-02
  1.75e-02	  1.15e-01	-1.59451e-02

  2.25e-02	  0.00e+00	0.00000e+00
  2.25e-02	  5.00e-03	1.89090e-02
  2.25e-02	  1.00e-02	2.64278e-02
  2.25e-02	  1.50e-02	2.48296e-02
  2.25e-02	  2.00e-02	1.94233e-02
  2.25e-02	  2.50e-02	1.38470e-02
  2.25e-02	  3.00e-02	9.30427e-03
  2.25e-02	  3.50e-02	5.68425e-03
  2.25e-02	  4.00e-02	2.66252e-03
  2.25e-02	  4.50e-02	1.04486e-04
  2.25e-02	  5.00e-02	-2.75455e-05
  2.25e-02	  5.50e-02	-2.75485e-05
  2.25e-02	  6.00e-02	-2.75513e-05
  2.25e-02	  6.50e-02	-2.75558e-05
  2.25e-02	  7.00e-02	-2.85396e-05
  2.25e-02	  7.50e-02	4.07767e-03
  2.25e-02	  8.00e-02	3.62091e-03
  2.25e-02	  8.50e-02	1.36153e-03
  2.25e-02	  9.00e-02	-1.86529e-03
  2.25e-02	  9.50e-02	-6.14990e-03
  2.25e-02	  1.00e-01	-1.16899e-02
  2.25e-02	  1.05e-01	-1.67911e-02
  2.25e-02	  1.10e-01	-1.58646e-02
  2.25e-02	  1.15e-01	-1.30296e-03

  2.75e-02	  0.00e+00	0.00000e+00
  2.75e-02	  5.00e-03	9.96154e-03
  2.75e-02	  1.00e-02	1.67235e-02
  2.75e-02	  1.50e-02	1.78134e-02
  2.75e-02	  2.00e-02	1.52206e-02
  2.75e-02	  2.50e-02	1.15322e-02
  2.75e-02	  3.00e-02	8.05173e-03
  2.75e-02	  3.50e-02	5.01732e-03
  2.75e-02	  4.00e-02	2.32308e-03
  2.75e-02	  4.50e-02	-3.21793e-06
  2.75e-02	  5.00e-02	-2.63035e-05
  2.75e-02	  5.50e-02	-2.63061e-05
  2.75e-02	  6.00e-02	-2.63082e-05
  2.75e-02	  6.50e-02	-2.63116e-05
  2.75e-02	  7.00e-02	-2.70583e-05
  2.75e-02	  7.50e-02	4.23366e-03
  2.75e-02	  8.00e-02	4.56423e-03
  2.75e-02	  8.50e-02	3.02302e-03
  2.75e-02	  9.00e-02	4.40988e-04
  2.75e-02	  9.50e-02	-3.04180e-03
  2.75e-02	  1.00e-01	-7.31534e-03
  2.75e-02	  1.05e-01	-1.08381e-02
  2.75e-02	  1.10e-01	-9.24985e-03
  2.75e-02	  1.15e-01	3.01649e-03

  3.25e-02	  0.00e+00	0.00000e+00
  3.25e-02	  5.00e-03	2.47486e-03
  3.25e-02	  1.00e-02	9.46385e-03
  3.25e-02	  1.50e-02	1.18490e-02
  3.25e-02	  2.00e-02	1.11218e-02
  3.25e-02	  2.50e-02	8.95702e-03
  3.25e-02	  3.00e-02	6.48363e-03
  3.25e-02	  3.50e-02	4.08502e-03
  3.25e-02	  4.00e-02	1.80052e-03
  3.25e-02	  4.50e-02	-2.06698e-04
  3.25e-02	  5.00e-02	-2.50798e-05
  3.25e-02	  5.50e-02	-2.50820e-05
  3.25e-02	  6.00e-02	-2.50836e-05
  3.25e-02	  6.50e-02	-2.50861e-05
  3.25e-02	  7.00e-02	-2.56664e-05
  3.25e-02	  7.50e-02	4.22896e-03
  3.25e-02	  8.00e-02	5.09588e-03
  3.25e-02	  8.50e-02	4.15724e-03
  3.25e-02	  9.00e-02	2.17127e-03
  3.25e-02	  9.50e-02	-6.59386e-04
  3.25e-02	  1.00e-01	-4.17659e-03
  3.25e-02	  1.05e-01	-7.14623e-03
  3.25e-02	  1.10e-01	-6.14060e-03
  3.25e-02	  1.15e-01	2.67755e-03

  3.75e-02	  0.00e+00	0.00000e+00
  3.75e-02	  5.00e-03	-1.28442e-03
  3.75e-02	  1.00e-02	4.85933e-03
  3.75e-02	  1.50e-02	7.57150e-03
  3.75e-02	  2.00e-02	7.78284e-03
  3.75e-02	  2.50e-02	6.61888e-03
  3.75e-02	  3.00e-02	4.93243e-03
  3.75e-02	  3.50e-02	3.08783e-03
  3.75e-02	  4.00e-02	1.20839e-03
  3.75e-02	  4.50e-02	-4.54852e-04
  3.75e-02	  5.00e-02	-2.38793e-05
  3.75e-02	  5.50e-02	-2.38812e-05
  3.75e-02	  6.00e-02	-2.38824e-05
  3.75e-02	  6.50e-02	-2.38844e-05
  3.75e-02	  7.00e-02	-2.43418e-05
  3.75e-02	  7.50e-02	4.14389e-03
  3.75e-02	  8.00e-02	5.36045e-03
  3.75e-02	  8.50e-02	4.87120e-03
  3.75e-02	  9.00e-02	3.35465e-03
  3.75e-02	  9.50e-02	1.00477e-03
  3.75e-02	  1.00e-01	-2.05622e-03
  3.75e-02	  1.05e-01	-4.85704e-03
  3.75e-02	  1.10e-01	-4.58184e-03
  3.75e-02	  1.15e-01	1.51773e-03

  4.25e-02	  0.00e+00	0.00000e+00
  4.25e-02	  5.00e-03	-2.20435e-03
  4.25e-02	  1.00e-02	2.44973e-03
  4.25e-02	  1.50e-02	4.85659e-03
  4.25e-02	  2.00e-02	5.37109e-03
  4.25e-02	  2.50e-02	4.75093e-03
  4.25e-02	  3.00e-02	3.58120e-03
  4.25e-02	  3.50e-02	2.16266e-03
  4.25e-02	  4.00e-02	6.33108e-04
  4.25e-02	  4.50e-02	-7.05385e-04
  4.25e-02	  5.00e-02	-2.27036e-05
  4.25e-02	  5.50e-02	-2.27053e-05
  4.25e-02	  6.00e-02	-2.27062e-05
  4.25e-02	  6.50e-02	-2.27077e-05
  4.25e-02	  7.00e-02	-2.30715e-05
  4.25e-02	  7.50e-02	4.00832e-03
  4.25e-02	  8.00e-02	5.44199e-03
  4.25e-02	  8.50e-02	5.26804e-03
  4.25e-02	  9.00e-02	4.09832e-03
  4.25e-02	  9.50e-02	2.10317e-03
  4.25e-02	  1.00e-01	-6.34998e-04
  4.25e-02	  1.05e-01	-3.32341e-03
  4.25e-02	  1.10e-01	-3.54959e-03
  4.25e-02	  1.15e-01	7.39076e-04

  4.75e-02	  0.00e+00	0.00000e+00
  4.75e-02	  5.00e-03	-1.84715e-03
  4.75e-02	  1.00e-02	1.44578e-03
  4.75e-02	  1.50e-02	3.28491e-03
  4.75e-02	  2.00e-02	3.76384e-03
  4.75e-02	  2.50e-02	3.37053e-03
  4.75e-02	  3.00e-02	2.50221e-03
  4.75e-02	  3.50e-02	1.38058e-03
  4.75e-02	  4.00e-02	1.26727e-04
  4.75e-02	  4.50e-02	-9.30398e-04
  4.75e-02	  5.00e-02	-2.15509e-05
  4.75e-02	  5.50e-02	-2.15523e-05
  4.75e-02	  6.00e-02	-2.15531e-05
  4.75e-02	  6.50e-02	-2.15542e-05
  4.75e-02	  7.00e-02	-2.18451e-05
  4.75e-02	  7.50e-02	3.83627e-03
  4.75e-02	  8.00e-02	5.39431e-03
  4.75e-02	  8.50e-02	5.43453e-03
  4.75e-02	  9.00e-02	4.51757e-03
  4.75e-02	  9.50e-02	2.79721e-03
  4.75e-02	  1.00e-01	3.34475e-04
  4.75e-02	  1.05e-01	-2.19554e-03
  4.75e-02	  1.10e-01	-2.69111e-03
  4.75e-02	  1.15e-01	3.76564e-04

  5.25e-02	  0.00e+00	0.00000e+00
  5.25e-02	  5.00e-03	-1.18901e-03
  5.25e-02	  1.00e-02	1.13528e-03
  5.25e-02	  1.50e-02	2.43365e-03
  5.25e-02	  2.00e-02	2.74185e-03
  5.25e-02	  2.50e-02	2.40214e-03
  5.25e-02	  3.00e-02	1.68980e-03
  5.25e-02	  3.50e-02	7.60371e-04
  5.25e-02	  4.00e-02	-2.89199e-04
  5.25e-02	  4.50e-02	-1.11611e-03
  5.25e-02	  5.00e-02	-2.04171e-05
  5.25e-02	  5.50e-02	-2.04183e-05
  5.25e-02	  6.00e-02	-2.04188e-05
  5.25e-02	  6.50e-02	-2.04198e-05
  5.25e-02	  7.00e-02	-2.06530e-05
  5.25e-02	  7.50e-02	3.63692e-03
  5.25e-02	  8.00e-02	5.25468e-03
  5.25e-02	  8.50e-02	5.43787e-03
  5.25e-02	  9.00e-02	4.70759e-03
  5.25e-02	  9.50e-02	3.21184e-03
  5.25e-02	  1.00e-01	1.00745e-03
  5.25e-02	  1.05e-01	-1.31550e-03
  5.25e-02	  1.10e-01	-1.93290e-03
  5.25e-02	  1.15e-01	2.33624e-04

  5.75e-02	  0.00e+00	0.00000e+00
  5.75e-02	  5.00e-03	-6.43180e-04
  5.75e-02	  1.00e-02	1.08464e-03
  5.75e-02	  1.50e-02	1.97911e-03
  5.75e-02	  2.00e-02	2.10384e-03
  5.75e-02	  2.50e-02	1.74209e-03
  5.75e-02	  3.00e-02	1.10062e-03
  5.75e-02	  3.50e-02	2.89686e-04
  5.75e-02	  4.00e-02	-6.14089e-04
  5.75e-02	  4.50e-02	-1.25935e-03
  5.75e-02	  5.00e-02	-1.92974e-05
  5.75e-02	  5.50e-02	-1.92984e-05
  5.75e-02	  6.00e-02	-1.92989e-05
  5.75e-02	  6.50e-02	-1.92996e-05
  5.75e-02	  7.00e-02	-1.94868e-05
  5.75e-02	  7.50e-02	3.41764e-03
  5.75e-02	  8.00e-02	5.04997e-03
  5.75e-02	  8.50e-02	5.32733e-03
  5.75e-02	  9.00e-02	4.73821e-03
  5.75e-02	  9.50e-02	3.43274e-03
  5.75e-02	  1.00e-01	1.47424e-03
  5.75e-02	  1.05e-01	-6.15605e-04
  5.75e-02	  1.10e-01	-1.27444e-03
  5.75e-02	  1.15e-01	1.75740e-04

  6.25e-02	  0.00e+00	0.00000e+00
  6.25e-02	  5.00e-03	-3.00038e-04
  6.25e-02	  1.00e-02	1.09012e-03
  6.25e-02	  1.50e-02	1.72140e-03
  6.25e-02	  2.00e-02	1.70039e-03
  6.25e-02	  2.50e-02	1.29592e-03
  6.25e-02	  3.00e-02	6.82096e-04
  6.25e-02	  3.50e-02	-5.73160e-05
  6.25e-02	  4.00e-02	-8.58724e-04
  6.25e-02	  4.50e-02	-1.36344e-03
  6.25e-02	  5.00e-02	-1.81876e-05
  6.25e-02	  5.50e-02	-1.81884e-05
  6.25e-02	  6.00e-02	-1.81888e-05
  6.25e-02	  6.50e-02	-1.81894e-05
  6.25e-02	  7.00e-02	-1.83395e-05
  6.25e-02	  7.50e-02	3.18471e-03
  6.25e-02	  8.00e-02	4.79977e-03
  6.25e-02	  8.50e-02	5.13790e-03
  6.25e-02	  9.00e-02	4.65794e-03
  6.25e-02	  9.50e-02	3.51617e-03
  6.25e-02	  1.00e-01	1.78796e-03
  6.25e-02	  1.05e-01	-6.31464e-05
  6.25e-02	  1.10e-01	-7.20088e-04
  6.25e-02	  1.15e-01	1.46328e-04

  6.75e-02	  0.00e+00	0.00000e+00
  6.75e-02	  5.00e-03	-1.20987e-04
  6.75e-02	  1.00e-02	1.08217e-03
  6.75e-02	  1.50e-02	1.55544e-03
  6.75e-02	  2.00e-02	1.43501e-03
  6.75e-02	  2.50e-02	9.91706e-04
  6.75e-02	  3.00e-02	3.86953e-04
  6.75e-02	  3.50e-02	-3.08769e-04
  6.75e-02	  4.00e-02	-1.03808e-03
  6.75e-02	  4.50e-02	-1.43463e-03
  6.75e-02	  5.00e-02	-1.70842e-05
  6.75e-02	  5.50e-02	-1.70849e-05
  6.75e-02	  6.00e-02	-1.70852e-05
  6.75e-02	  6.50e-02	-1.70857e-05
  6.75e-02	  7.00e-02	-1.72059e-05
  6.75e-02	  7.50e-02	2.94347e-03
  6.75e-02	  8.00e-02	4.51854e-03
  6.75e-02	  8.50e-02	4.89414e-03
  6.75e-02	  9.00e-02	4.49990e-03
  6.75e-02	  9.50e-02	3.49928e-03
  6.75e-02	  1.00e-01	1.98212e-03
  6.75e-02	  1.05e-01	3.62433e-04
  6.75e-02	  1.10e-01	-2.67427e-04
  6.75e-02	  1.15e-01	1.27635e-04

  7.25e-02	  0.00e+00	0.00000e+00
  7.25e-02	  5.00e-03	-4.19587e-05
  7.25e-02	  1.00e-02	1.05153e-03
  7.25e-02	  1.50e-02	1.43339e-03
  7.25e-02	  2.00e-02	1.25113e-03
  7.25e-02	  2.50e-02	7.80137e-04
  7.25e-02	  3.00e-02	1.78263e-04
  7.25e-02	  3.50e-02	-4.89490e-04
  7.25e-02	  4.00e-02	-1.16700e-03
  7.25e-02	  4.50e-02	-1.47980e-03
  7.25e-02	  5.00e-02	-1.59851e-05
  7.25e-02	  5.50e-02	-1.59857e-05
  7.25e-02	  6.00e-02	-1.59859e-05
  7.25e-02	  6.50e-02	-1.59863e-05
  7.25e-02	  7.00e-02	-1.60823e-05
  7.25e-02	  7.50e-02	2.69851e-03
  7.25e-02	  8.00e-02	4.21712e-03
  7.25e-02	  8.50e-02	4.61342e-03
  7.25e-02	  9.00e-02	4.28694e-03
  7.25e-02	  9.50e-02	3.40745e-03
  7.25e-02	  1.00e-01	2.08002e-03
  7.25e-02	  1.05e-01	6.77409e-04
  7.25e-02	  1.10e-01	9.07234e-05
  7.25e-02	  1.15e-01	1.14602e-04

  7.75e-02	  0.00e+00	0.00000e+00
  7.75e-02	  5.00e-03	-1.26911e-05
  7.75e-02	  1.00e-02	1.00770e-03
  7.75e-02	  1.50e-02	1.33607e-03
  7.75e-02	  2.00e-02	1.11749e-03
  7.75e-02	  2.50e-02	6.29437e-04
  7.75e-02	  3.00e-02	2.94119e-05
  7.75e-02	  3.50e-02	-6.19114e-04
  7.75e-02	  4.00e-02	-1.25821e-03
  7.75e-02	  4.50e-02	-1.50523e-03
  7.75e-02	  5.00e-02	-1.48894e-05
  7.75e-02	  5.50e-02	-1.48899e-05
  7.75e-02	  6.00e-02	-1.48901e-05
  7.75e-02	  6.50e-02	-1.48904e-05
  7.75e-02	  7.00e-02	-1.49667e-05
  7.75e-02	  7.50e-02	2.45377e-03
  7.75e-02	  8.00e-02	3.90387e-03
  7.75e-02	  8.50e-02	4.30838e-03
  7.75e-02	  9.00e-02	4.03537e-03
  7.75e-02	  9.50e-02	3.25902e-03
  7.75e-02	  1.00e-01	2.09948e-03
  7.75e-02	  1.05e-01	8.96328e-04
  7.75e-02	  1.10e-01	3.63716e-04
  7.75e-02	  1.15e-01	1.05022e-04

  8.25e-02	  0.00e+00	0.00000e+00
  8.25e-02	  5.00e-03	-3.51036e-06
  8.25e-02	  1.00e-02	9.61004e-04
  8.25e-02	  1.50e-02	1.25631e-03
  8.25e-02	  2.00e-02	1.01701e-03
  8.25e-02	  2.50e-02	5.19675e-04
  8.25e-02	  3.00e-02	-7.79454e-05
  8.25e-02	  3.50e-02	-7.12216e-04
  8.25e-02	  4.00e-02	-1.32175e-03
  8.25e-02	  4.50e-02	-1.51605e-03
  8.25e-02	  5.00e-02	-1.37971e-05
  8.25e-02	  5.50e-02	-1.37975e-05
  8.25e-02	  6.00e-02	-1.37977e-05
  8.25e-02	  6.50e-02	-1.37979e-05
  8.25e-02	  7.00e-02	-1.38584e-05
  8.25e-02	  7.50e-02	2.21267e-03
  8.25e-02	  8.00e-02	3.58547e-03
  8.25e-02	  8.50e-02	3.98857e-03
  8.25e-02	  9.00e-02	3.75730e-03
  8.25e-02	  9.50e-02	3.06801e-03
  8.25e-02	  1.00e-01	2.05524e-03
  8.25e-02	  1.05e-01	1.03288e-03
  8.25e-02	  1.10e-01	5.61797e-04
  8.25e-02	  1.15e-01	9.72781e-05

  8.75e-02	  0.00e+00	0.00000e+00
  8.75e-02	  5.00e-03	-3.38832e-07
  8.75e-02	  1.00e-02	9.17613e-04
  8.75e-02	  1.50e-02	1.19085e-03
  8.75e-02	  2.00e-02	9.39888e-04
  8.75e-02	  2.50e-02	4.38295e-04
  8.75e-02	  3.00e-02	-1.56216e-04
  8.75e-02	  3.50e-02	-7.79232e-04
  8.75e-02	  4.00e-02	-1.36513e-03
  8.75e-02	  4.50e-02	-1.51626e-03
  8.75e-02	  5.00e-02	-1.27091e-05
  8.75e-02	  5.50e-02	-1.27095e-05
  8.75e-02	  6.00e-02	-1.27096e-05
  8.75e-02	  6.50e-02	-1.27098e-05
  8.75e-02	  7.00e-02	-1.27574e-05
  8.75e-02	  7.50e-02	1.97819e-03
  8.75e-02	  8.00e-02	3.26741e-03
  8.75e-02	  8.50e-02	3.66152e-03
  8.75e-02	  9.00e-02	3.46220e-03
  8.75e-02	  9.50e-02	2.84574e-03
  8.75e-02	  1.00e-01	1.96011e-03
  8.75e-02	  1.05e-01	1.10013e-03
  8.75e-02	  1.10e-01	6.95519e-04
  8.75e-02	  1.15e-01	9.01858e-05

  9.25e-02	  0.00e+00	0.00000e+00
  9.25e-02	  5.00e-03	1.99096e-06
  9.25e-02	  1.00e-02	8.79788e-04
  9.25e-02	  1.50e-02	1.13733e-03
  9.25e-02	  2.00e-02	8.79969e-04
  9.25e-02	  2.50e-02	3.77145e-04
  9.25e-02	  3.00e-02	-2.13799e-04
  9.25e-02	  3.50e-02	-8.27514e-04
  9.25e-02	  4.00e-02	-1.39382e-03
  9.25e-02	  4.50e-02	-1.50882e-03
  9.25e-02	  5.00e-02	-1.16268e-05
  9.25e-02	  5.50e-02	-1.16271e-05
  9.25e-02	  6.00e-02	-1.16272e-05
  9.25e-02	  6.50e-02	-1.16273e-05
  9.25e-02	  7.00e-02	-1.16646e-05
  9.25e-02	  7.50e-02	1.75290e-03
  9.25e-02	  8.00e-02	2.95431e-03
  9.25e-02	  8.50e-02	3.33337e-03
  9.25e-02	  9.00e-02	3.15779e-03
  9.25e-02	  9.50e-02	2.60174e-03
  9.25e-02	  1.00e-01	1.82552e-03
  9.25e-02	  1.05e-01	1.11054e-03
  9.25e-02	  1.10e-01	7.75338e-04
  9.25e-02	  1.15e-01	8.30533e-05

  9.75e-02	  0.00e+00	0.00000e+00
  9.75e-02	  5.00e-03	4.61452e-06
  9.75e-02	  1.00e-02	8.47497e-04
  9.75e-02	  1.50e-02	1.09350e-03
  9.75e-02	  2.00e-02	8.32953e-04
  9.75e-02	  2.50e-02	3.30708e-04
  9.75e-02	  3.00e-02	-2.56454e-04
  9.75e-02	  3.50e-02	-8.62217e-04
  9.75e-02	  4.00e-02	-1.41176e-03
  9.75e-02	  4.50e-02	-1.49589e-03
  9.75e-02	  5.00e-02	-1.05519e-05
  9.75e-02	  5.50e-02	-1.05522e-05
  9.75e-02	  6.00e-02	-1.05522e-05
  9.75e-02	  6.50e-02	-1.05524e-05
  9.75e-02	  7.00e-02	-1.05812e-05
  9.75e-02	  7.50e-02	1.53896e-03
  9.75e-02	  8.00e-02	2.65006e-03
  9.75e-02	  8.50e-02	3.00924e-03
  9.75e-02	  9.00e-02	2.85048e-03
  9.75e-02	  9.50e-02	2.34416e-03
  9.75e-02	  1.00e-01	1.66174e-03
  9.75e-02	  1.05e-01	1.07577e-03
  9.75e-02	  1.10e-01	8.11268e-04
  9.75e-02	  1.15e-01	7.56118e-05

  1.03e-01	  0.00e+00	0.00000e+00
  1.03e-01	  5.00e-03	7.33085e-06
  1.03e-01	  1.00e-02	8.19786e-04
  1.03e-01	  1.50e-02	1.05726e-03
  1.03e-01	  2.00e-02	7.95647e-04
  1.03e-01	  2.50e-02	2.95104e-04
  1.03e-01	  3.00e-02	-2.88205e-04
  1.03e-01	  3.50e-02	-8.86977e-04
  1.03e-01	  4.00e-02	-1.42176e-03
  1.03e-01	  4.50e-02	-1.47902e-03
  1.03e-01	  5.00e-02	-9.48630e-06
  1.03e-01	  5.50e-02	-9.48649e-06
  1.03e-01	  6.00e-02	-9.48655e-06
  1.03e-01	  6.50e-02	-9.48664e-06
  1.03e-01	  7.00e-02	-9.50883e-06
  1.03e-01	  7.50e-02	1.33811e-03
  1.03e-01	  8.00e-02	2.35791e-03
  1.03e-01	  8.50e-02	2.69339e-03
  1.03e-01	  9.00e-02	2.54568e-03
  1.03e-01	  9.50e-02	2.08005e-03
  1.03e-01	  1.00e-01	1.47793e-03
  1.03e-01	  1.05e-01	1.00648e-03
  1.03e-01	  1.10e-01	8.12572e-04
  1.03e-01	  1.15e-01	6.78809e-05

  1.08e-01	  0.00e+00	0.00000e+00
  1.08e-01	  5.00e-03	9.76492e-06
  1.08e-01	  1.00e-02	7.95555e-04
  1.08e-01	  1.50e-02	1.02681e-03
  1.08e-01	  2.00e-02	7.65626e-04
  1.08e-01	  2.50e-02	2.67531e-04
  1.08e-01	  3.00e-02	-3.11916e-04
  1.08e-01	  3.50e-02	-9.04382e-04
  1.08e-01	  4.00e-02	-1.42586e-03
  1.08e-01	  4.50e-02	-1.45936e-03
  1.08e-01	  5.00e-02	-8.43176e-06
  1.08e-01	  5.50e-02	-8.43190e-06
  1.08e-01	  6.00e-02	-8.43195e-06
  1.08e-01	  6.50e-02	-8.43202e-06
  1.08e-01	  7.00e-02	-8.44889e-06
  1.08e-01	  7.50e-02	1.15166e-03
  1.08e-01	  8.00e-02	2.08051e-03
  1.08e-01	  8.50e-02	2.38938e-03
  1.08e-01	  9.00e-02	2.24792e-03
  1.08e-01	  9.50e-02	1.81540e-03
  1.08e-01	  1.00e-01	1.28207e-03
  1.08e-01	  1.05e-01	9.12172e-04
  1.08e-01	  1.10e-01	7.87545e-04
  1.08e-01	  1.15e-01	6.00362e-05

  1.13e-01	  0.00e+00	0.00000e+00
  1.13e-01	  5.00e-03	1.17120e-05
  1.13e-01	  1.00e-02	7.73893e-04
  1.13e-01	  1.50e-02	1.00070e-03
  1.13e-01	  2.00e-02	7.41056e-04
  1.13e-01	  2.50e-02	2.45940e-04
  1.13e-01	  3.00e-02	-3.29644e-04
  1.13e-01	  3.50e-02	-9.16287e-04
  1.13e-01	  4.00e-02	-1.42549e-03
  1.13e-01	  4.50e-02	-1.43770e-03
  1.13e-01	  5.00e-02	-7.39000e-06
  1.13e-01	  5.50e-02	-7.39012e-06
  1.13e-01	  6.00e-02	-7.39015e-06
  1.13e-01	  6.50e-02	-7.39021e-06
  1.13e-01	  7.00e-02	-7.40285e-06
  1.13e-01	  7.50e-02	9.80454e-04
  1.13e-01	  8.00e-02	1.81987e-03
  1.13e-01	  8.50e-02	2.10002e-03
  1.13e-01	  9.00e-02	1.96091e-03
  1.13e-01	  9.50e-02	1.55526e-03
  1.13e-01	  1.00e-01	1.08099e-03
  1.13e-01	  1.05e-01	8.01068e-04
  1.13e-01	  1.10e-01	7.43392e-04
  1.13e-01	  1.15e-01	5.23088e-05

  1.18e-01	  0.00e+00	0.00000e+00
  1.18e-01	  5.00e-03	1.31458e-05
  1.18e-01	  1.00e-02	7.54141e-04
  1.18e-01	  1.50e-02	9.77834e-04
  1.18e-01	  2.00e-02	7.20571e-04
  1.18e-01	  2.50e-02	2.28830e-04
  1.18e-01	  3.00e-02	-3.42887e-04
  1.18e-01	  3.50e-02	-9.24038e-04
  1.18e-01	  4.00e-02	-1.42174e-03
  1.18e-01	  4.50e-02	-1.41465e-03
  1.18e-01	  5.00e-02	-6.36259e-06
  1.18e-01	  5.50e-02	-6.36268e-06
  1.18e-01	  6.00e-02	-6.36270e-06
  1.18e-01	  6.50e-02	-6.36274e-06
  1.18e-01	  7.00e-02	-6.37206e-06
  1.18e-01	  7.50e-02	8.24935e-04
  1.18e-01	  8.00e-02	1.57742e-03
  1.18e-01	  8.50e-02	1.82750e-03
  1.18e-01	  9.00e-02	1.68759e-03
  1.18e-01	  9.50e-02	1.30370e-03
  1.18e-01	  1.00e-01	8.80338e-04
  1.18e-01	  1.05e-01	6.80097e-04
  1.18e-01	  1.10e-01	6.86188e-04
  1.18e-01	  1.15e-01	4.49206e-05

  1.23e-01	  0.00e+00	0.00000e+00
  1.23e-01	  5.00e-03	1.41404e-05
  1.23e-01	  1.00e-02	7.35852e-04
  1.23e-01	  1.50e-02	9.57431e-04
  1.23e-01	  2.00e-02	7.03169e-04
  1.23e-01	  2.50e-02	2.15102e-04
  1.23e-01	  3.00e-02	-3.52731e-04
  1.23e-01	  3.50e-02	-9.28613e-04
  1.23e-01	  4.00e-02	-1.41537e-03
  1.23e-01	  4.50e-02	-1.39063e-03
  1.23e-01	  5.00e-02	-5.35087e-06
  1.23e-01	  5.50e-02	-5.35093e-06
  1.23e-01	  6.00e-02	-5.35095e-06
  1.23e-01	  6.50e-02	-5.35098e-06
  1.23e-01	  7.00e-02	-5.35768e-06
  1.23e-01	  7.50e-02	6.85133e-04
  1.23e-01	  8.00e-02	1.35405e-03
  1.23e-01	  8.50e-02	1.57334e-03
  1.23e-01	  9.00e-02	1.43020e-03
  1.23e-01	  9.50e-02	1.06394e-03
  1.23e-01	  1.00e-01	6.84670e-04
  1.23e-01	  1.05e-01	5.54919e-04
  1.23e-01	  1.10e-01	6.20916e-04
  1.23e-01	  1.15e-01	3.80498e-05

  1.28e-01	  0.00e+00	0.00000e+00
  1.28e-01	  5.00e-03	1.48001e-05
  1.28e-01	  1.00e-02	7.18732e-04
  1.28e-01	  1.50e-02	9.38923e-04
  1.28e-01	  2.00e-02	6.88122e-04
  1.28e-01	  2.50e-02	2.03957e-04
  1.28e-01	  3.00e-02	-3.59970e-04
  1.28e-01	  3.50e-02	-9.30727e-04
  1.28e-01	  4.00e-02	-1.40697e-03
  1.28e-01	  4.50e-02	-1.36597e-03
  1.28e-01	  5.00e-02	-4.35601e-06
  1.28e-01	  5.50e-02	-4.35605e-06
  1.28e-01	  6.00e-02	-4.35607e-06
  1.28e-01	  6.50e-02	-4.35609e-06
  1.28e-01	  7.00e-02	-4.36075e-06
  1.28e-01	  7.50e-02	5.60735e-04
  1.28e-01	  8.00e-02	1.15013e-03
  1.28e-01	  8.50e-02	1.33849e-03
  1.28e-01	  9.00e-02	1.19028e-03
  1.28e-01	  9.50e-02	8.38369e-04
  1.28e-01	  1.00e-01	4.97494e-04
  1.28e-01	  1.05e-01	4.30016e-04
  1.28e-01	  1.10e-01	5.51546e-04
  1.28e-01	  1.15e-01	3.18178e-05

  1.33e-01	  0.00e+00	0.00000e+00
  1.33e-01	  5.00e-03	1.52217e-05
  1.33e-01	  1.00e-02	7.02584e-04
  1.33e-01	  1.50e-02	9.21911e-04
  1.33e-01	  2.00e-02	6.74902e-04
  1.33e-01	  2.50e-02	1.94811e-04
  1.33e-01	  3.00e-02	-3.65185e-04
  1.33e-01	  3.50e-02	-9.30905e-04
  1.33e-01	  4.00e-02	-1.39696e-03
  1.33e-01	  4.50e-02	-1.34090e-03
  1.33e-01	  5.00e-02	-3.37902e-06
  1.33e-01	  5.50e-02	-3.37906e-06
  1.33e-01	  6.00e-02	-3.37907e-06
  1.33e-01	  6.50e-02	-3.37908e-06
  1.33e-01	  7.00e-02	-3.38218e-06
  1.33e-01	  7.50e-02	4.51141e-04
  1.33e-01	  8.00e-02	9.65580e-04
  1.33e-01	  8.50e-02	1.12339e-03
  1.33e-01	  9.00e-02	9.68805e-04
  1.33e-01	  9.50e-02	6.28639e-04
  1.33e-01	  1.00e-01	3.21392e-04
  1.33e-01	  1.05e-01	3.08817e-04
  1.33e-01	  1.10e-01	4.81155e-04
  1.33e-01	  1.15e-01	2.62899e-05

  1.38e-01	  0.00e+00	0.00000e+00
  1.38e-01	  5.00e-03	1.54807e-05
  1.38e-01	  1.00e-02	6.87270e-04
  1.38e-01	  1.50e-02	9.06111e-04
  1.38e-01	  2.00e-02	6.63132e-04
  1.38e-01	  2.50e-02	1.87242e-04
  1.38e-01	  3.00e-02	-3.68799e-04
  1.38e-01	  3.50e-02	-9.29535e-04
  1.38e-01	  4.00e-02	-1.38567e-03
  1.38e-01	  4.50e-02	-1.31560e-03
  1.38e-01	  5.00e-02	-2.42081e-06
  1.38e-01	  5.50e-02	-2.42083e-06
  1.38e-01	  6.00e-02	-2.42084e-06
  1.38e-01	  6.50e-02	-2.42085e-06
  1.38e-01	  7.00e-02	-2.42275e-06
  1.38e-01	  7.50e-02	3.55535e-04
  1.38e-01	  8.00e-02	7.99966e-04
  1.38e-01	  8.50e-02	9.28034e-04
  1.38e-01	  9.00e-02	7.66214e-04
  1.38e-01	  9.50e-02	4.35773e-04
  1.38e-01	  1.00e-01	1.58146e-04
  1.38e-01	  1.05e-01	1.93840e-04
  1.38e-01	  1.10e-01	4.12053e-04
  1.38e-01	  1.15e-01	2.14837e-05

  1.43e-01	  0.00e+00	0.00000e+00
  1.43e-01	  5.00e-03	1.56306e-05
  1.43e-01	  1.00e-02	6.72693e-04
  1.43e-01	  1.50e-02	8.91319e-04
  1.43e-01	  2.00e-02	6.52536e-04
  1.43e-01	  2.50e-02	1.80941e-04
  1.43e-01	  3.00e-02	-3.71120e-04
  1.43e-01	  3.50e-02	-9.26901e-04
  1.43e-01	  4.00e-02	-1.37333e-03
  1.43e-01	  4.50e-02	-1.29019e-03
  1.43e-01	  5.00e-02	-1.48217e-06
  1.43e-01	  5.50e-02	-1.48218e-06
  1.43e-01	  6.00e-02	-1.48219e-06
  1.43e-01	  6.50e-02	-1.48219e-06
  1.43e-01	  7.00e-02	-1.48318e-06
  1.43e-01	  7.50e-02	2.72944e-04
  1.43e-01	  8.00e-02	6.52557e-04
  1.43e-01	  8.50e-02	7.52046e-04
  1.43e-01	  9.00e-02	5.82524e-04
  1.43e-01	  9.50e-02	2.60260e-04
  1.43e-01	  1.00e-01	8.86676e-06
  1.43e-01	  1.05e-01	8.68425e-05
  1.43e-01	  1.10e-01	3.45909e-04
  1.43e-01	  1.15e-01	1.73805e-05

  1.48e-01	  0.00e+00	0.00000e+00
  1.48e-01	  5.00e-03	1.57078e-05
  1.48e-01	  1.00e-02	6.58780e-04
  1.48e-01	  1.50e-02	8.77388e-04
  1.48e-01	  2.00e-02	6.42918e-04
  1.48e-01	  2.50e-02	1.75686e-04
  1.48e-01	  3.00e-02	-3.72375e-04
  1.48e-01	  3.50e-02	-9.23213e-04
  1.48e-01	  4.00e-02	-1.36012e-03
  1.48e-01	  4.50e-02	-1.26477e-03
  1.48e-01	  5.00e-02	-5.63846e-07
  1.48e-01	  5.50e-02	-5.63850e-07
  1.48e-01	  6.00e-02	-5.63851e-07
  1.48e-01	  6.50e-02	-5.63853e-07
  1.48e-01	  7.00e-02	-5.64176e-07
  1.48e-01	  7.50e-02	2.02309e-04
  1.48e-01	  8.00e-02	5.22411e-04
  1.48e-01	  8.50e-02	5.94772e-04
  1.48e-01	  9.00e-02	4.17407e-04
  1.48e-01	  9.50e-02	1.02161e-04
  1.48e-01	  1.00e-01	-1.25880e-04
  1.48e-01	  1.05e-01	-1.10393e-05
  1.48e-01	  1.10e-01	2.83880e-04
  1.48e-01	  1.15e-01	1.39370e-05

  1.53e-01	  0.00e+00	0.00000e+00
  1.53e-01	  5.00e-03	1.57364e-05
  1.53e-01	  1.00e-02	6.45474e-04
  1.53e-01	  1.50e-02	8.64211e-04
  1.53e-01	  2.00e-02	6.34134e-04
  1.53e-01	  2.50e-02	1.71315e-04
  1.53e-01	  3.00e-02	-3.72726e-04
  1.53e-01	  3.50e-02	-9.18626e-04
  1.53e-01	  4.00e-02	-1.34618e-03
  1.53e-01	  4.50e-02	-1.23941e-03
  1.53e-01	  5.00e-02	3.33442e-07
  1.53e-01	  5.50e-02	3.33444e-07
  1.53e-01	  6.00e-02	3.33445e-07
  1.53e-01	  6.50e-02	3.33446e-07
  1.53e-01	  7.00e-02	3.33610e-07
  1.53e-01	  7.50e-02	1.42532e-04
  1.53e-01	  8.00e-02	4.08451e-04
  1.53e-01	  8.50e-02	4.55355e-04
  1.53e-01	  9.00e-02	2.70283e-04
  1.53e-01	  9.50e-02	-3.87905e-05
  1.53e-01	  1.00e-01	-2.45945e-04
  1.53e-01	  1.05e-01	-9.91507e-05
  1.53e-01	  1.10e-01	2.26715e-04
  1.53e-01	  1.15e-01	1.10959e-05

  1.58e-01	  0.00e+00	0.00000e+00
  1.58e-01	  5.00e-03	1.57324e-05
  1.58e-01	  1.00e-02	6.32731e-04
  1.58e-01	  1.50e-02	8.51707e-04
  1.58e-01	  2.00e-02	6.26079e-04
  1.58e-01	  2.50e-02	1.67713e-04
  1.58e-01	  3.00e-02	-3.72289e-04
  1.58e-01	  3.50e-02	-9.13248e-04
  1.58e-01	  4.00e-02	-1.33162e-03
  1.58e-01	  4.50e-02	-1.21417e-03
  1.58e-01	  5.00e-02	1.20898e-06
  1.58e-01	  5.50e-02	1.20899e-06
  1.58e-01	  6.00e-02	1.20899e-06
  1.58e-01	  6.50e-02	1.20899e-06
  1.58e-01	  7.00e-02	1.20950e-06
  1.58e-01	  7.50e-02	9.25239e-05
  1.58e-01	  8.00e-02	3.09525e-04
  1.58e-01	  8.50e-02	3.32812e-04
  1.58e-01	  9.00e-02	1.40392e-04
  1.58e-01	  9.50e-02	-1.63093e-04
  1.58e-01	  1.00e-01	-3.51488e-04
  1.58e-01	  1.05e-01	-1.77201e-04
  1.58e-01	  1.10e-01	1.74860e-04
  1.58e-01	  1.15e-01	8.79435e-06

  1.63e-01	  0.00e+00	0.00000e+00
  1.63e-01	  5.00e-03	1.57058e-05
  1.63e-01	  1.00e-02	6.20515e-04
  1.63e-01	  1.50e-02	8.39815e-04
  1.63e-01	  2.00e-02	6.18677e-04
  1.63e-01	  2.50e-02	1.64799e-04
  1.63e-01	  3.00e-02	-3.71141e-04
  1.63e-01	  3.50e-02	-9.07150e-04
  1.63e-01	  4.00e-02	-1.31649e-03
  1.63e-01	  4.50e-02	-1.18906e-03
  1.63e-01	  5.00e-02	2.06205e-06
  1.63e-01	  5.50e-02	2.06206e-06
  1.63e-01	  6.00e-02	2.06206e-06
  1.63e-01	  6.50e-02	2.06207e-06
  1.63e-01	  7.00e-02	2.06281e-06
  1.63e-01	  7.50e-02	5.12412e-05
  1.63e-01	  8.00e-02	2.24467e-04
  1.63e-01	  8.50e-02	2.26098e-04
  1.63e-01	  9.00e-02	2.68780e-05
  1.63e-01	  9.50e-02	-2.71394e-04
  1.63e-01	  1.00e-01	-4.42877e-04
  1.63e-01	  1.05e-01	-2.45158e-04
  1.63e-01	  1.10e-01	1.28538e-04
  1.63e-01	  1.15e-01	6.97010e-06

  1.68e-01	  0.00e+00	0.00000e+00
  1.68e-01	  5.00e-03	1.56622e-05
  1.68e-01	  1.00e-02	6.08788e-04
  1.68e-01	  1.50e-02	8.28483e-04
  1.68e-01	  2.00e-02	6.11869e-04
  1.68e-01	  2.50e-02	1.62521e-04
  1.68e-01	  3.00e-02	-3.69325e-04
  1.68e-01	  3.50e-02	-9.00369e-04
  1.68e-01	  4.00e-02	-1.30083e-03
  1.68e-01	  4.50e-02	-1.16411e-03
  1.68e-01	  5.00e-02	2.89190e-06
  1.68e-01	  5.50e-02	2.89192e-06
  1.68e-01	  6.00e-02	2.89192e-06
  1.68e-01	  6.50e-02	2.89193e-06
  1.68e-01	  7.00e-02	2.89282e-06
  1.68e-01	  7.50e-02	1.77117e-05
  1.68e-01	  8.00e-02	1.52140e-04
  1.68e-01	  8.50e-02	1.34165e-04
  1.68e-01	  9.00e-02	-7.11553e-05
  1.68e-01	  9.50e-02	-3.64413e-04
  1.68e-01	  1.00e-01	-5.20600e-04
  1.68e-01	  1.05e-01	-3.03153e-04
  1.68e-01	  1.10e-01	8.78188e-05
  1.68e-01	  1.15e-01	5.56598e-06

  1.73e-01	  0.00e+00	0.00000e+00
  1.73e-01	  5.00e-03	1.56023e-05
  1.73e-01	  1.00e-02	5.97512e-04
  1.73e-01	  1.50e-02	8.17658e-04
  1.73e-01	  2.00e-02	6.05608e-04
  1.73e-01	  2.50e-02	1.60845e-04
  1.73e-01	  3.00e-02	-3.66851e-04
  1.73e-01	  3.50e-02	-8.92900e-04
  1.73e-01	  4.00e-02	-1.28464e-03
  1.73e-01	  4.50e-02	-1.13930e-03
  1.73e-01	  5.00e-02	3.69777e-06
  1.73e-01	  5.50e-02	3.69779e-06
  1.73e-01	  6.00e-02	3.69779e-06
  1.73e-01	  6.50e-02	3.69780e-06
  1.73e-01	  7.00e-02	3.69878e-06
  1.73e-01	  7.50e-02	-8.94655e-06
  1.73e-01	  8.00e-02	9.14787e-05
  1.73e-01	  8.50e-02	5.60075e-05
  1.73e-01	  9.00e-02	-1.54580e-04
  1.73e-01	  9.50e-02	-4.42878e-04
  1.73e-01	  1.00e-01	-5.85186e-04
  1.73e-01	  1.05e-01	-3.51411e-04
  1.73e-01	  1.10e-01	5.26804e-05
  1.73e-01	  1.15e-01	4.53286e-06

  1.78e-01	  0.00e+00	0.00000e+00
  1.78e-01	  5.00e-03	1.55210e-05
  1.78e-01	  1.00e-02	5.86629e-04
  1.78e-01	  1.50e-02	8.07270e-04
  1.78e-01	  2.00e-02	5.99841e-04
  1.78e-01	  2.50e-02	1.59760e-04
  1.78e-01	  3.00e-02	-3.63691e-04
  1.78e-01	  3.50e-02	-8.84687e-04
  1.78e-01	  4.00e-02	-1.26786e-03
  1.78e-01	  4.50e-02	-1.11458e-03
  1.78e-01	  5.00e-02	4.47885e-06
  1.78e-01	  5.50e-02	4.47887e-06
  1.78e-01	  6.00e-02	4.47888e-06
  1.78e-01	  6.50e-02	4.47889e-06
  1.78e-01	  7.00e-02	4.47991e-06
  1.78e-01	  7.50e-02	-2.95127e-05
  1.78e-01	  8.00e-02	4.15150e-05
  1.78e-01	  8.50e-02	-9.28979e-06
  1.78e-01	  9.00e-02	-2.24196e-04
  1.78e-01	  9.50e-02	-5.07461e-04
  1.78e-01	  1.00e-01	-6.37143e-04
  1.78e-01	  1.05e-01	-3.90173e-04
  1.78e-01	  1.10e-01	2.30561e-05
  1.78e-01	  1.15e-01	3.83140e-06

  1.83e-01	  0.00e+00	0.00000e+00
  1.83e-01	  5.00e-03	1.54037e-05
  1.83e-01	  1.00e-02	5.76048e-04
  1.83e-01	  1.50e-02	7.97209e-04
  1.83e-01	  2.00e-02	5.94494e-04
  1.83e-01	  2.50e-02	1.59263e-04
  1.83e-01	  3.00e-02	-3.59767e-04
  1.83e-01	  3.50e-02	-8.75598e-04
  1.83e-01	  4.00e-02	-1.25037e-03
  1.83e-01	  4.50e-02	-1.08986e-03
  1.83e-01	  5.00e-02	5.23432e-06
  1.83e-01	  5.50e-02	5.23434e-06
  1.83e-01	  6.00e-02	5.23435e-06
  1.83e-01	  6.50e-02	5.23436e-06
  1.83e-01	  7.00e-02	5.23539e-06
  1.83e-01	  7.50e-02	-4.46563e-05
  1.83e-01	  8.00e-02	1.40442e-06
  1.83e-01	  8.50e-02	-6.25214e-05
  1.83e-01	  9.00e-02	-2.80686e-04
  1.83e-01	  9.50e-02	-5.58726e-04
  1.83e-01	  1.00e-01	-6.76894e-04
  1.83e-01	  1.05e-01	-4.19647e-04
  1.83e-01	  1.10e-01	-1.12247e-06
  1.83e-01	  1.15e-01	3.43325e-06

  1.88e-01	  0.00e+00	0.00000e+00
  1.88e-01	  5.00e-03	1.52207e-05
  1.88e-01	  1.00e-02	5.65612e-04
  1.88e-01	  1.50e-02	7.87286e-04
  1.88e-01	  2.00e-02	5.89444e-04
  1.88e-01	  2.50e-02	1.59361e-04
  1.88e-01	  3.00e-02	-3.54931e-04
  1.88e-01	  3.50e-02	-8.65385e-04
  1.88e-01	  4.00e-02	-1.23189e-03
  1.88e-01	  4.50e-02	-1.06497e-03
  1.88e-01	  5.00e-02	5.96332e-06
  1.88e-01	  5.50e-02	5.96334e-06
  1.88e-01	  6.00e-02	5.96335e-06
  1.88e-01	  6.50e-02	5.96336e-06
  1.88e-01	  7.00e-02	5.96437e-06
  1.88e-01	  7.50e-02	-5.49341e-05
  1.88e-01	  8.00e-02	-2.95586e-05
  1.88e-01	  8.50e-02	-1.04330e-04
  1.88e-01	  9.00e-02	-3.24575e-04
  1.88e-01	  9.50e-02	-5.97082e-04
  1.88e-01	  1.00e-01	-7.04725e-04
  1.88e-01	  1.05e-01	-4.39948e-04
  1.88e-01	  1.10e-01	-1.98893e-05
  1.88e-01	  1.15e-01	3.32183e-06

  1.93e-01	  0.00e+00	0.00000e+00
  1.93e-01	  5.00e-03	1.49157e-05
  1.93e-01	  1.00e-02	5.55044e-04
  1.93e-01	  1.50e-02	7.77157e-04
  1.93e-01	  2.00e-02	5.84461e-04
  1.93e-01	  2.50e-02	1.60055e-04
  1.93e-01	  3.00e-02	-3.48922e-04
  1.93e-01	  3.50e-02	-8.53600e-04
  1.93e-01	  4.00e-02	-1.21195e-03
  1.93e-01	  4.50e-02	-1.03959e-03
  1.93e-01	  5.00e-02	6.66495e-06
  1.93e-01	  5.50e-02	6.66497e-06
  1.93e-01	  6.00e-02	6.66499e-06
  1.93e-01	  6.50e-02	6.66500e-06
  1.93e-01	  7.00e-02	6.66597e-06
  1.93e-01	  7.50e-02	-6.07923e-05
  1.93e-01	  8.00e-02	-5.19301e-05
  1.93e-01	  8.50e-02	-1.35185e-04
  1.93e-01	  9.00e-02	-3.56193e-04
  1.93e-01	  9.50e-02	-6.22730e-04
  1.93e-01	  1.00e-01	-7.20723e-04
  1.93e-01	  1.05e-01	-4.51051e-04
  1.93e-01	  1.10e-01	-3.32097e-05
  1.93e-01	  1.15e-01	3.49316e-06

  1.98e-01	  0.00e+00	0.00000e+00
  1.98e-01	  5.00e-03	1.43879e-05
  1.98e-01	  1.00e-02	5.43852e-04
  1.98e-01	  1.50e-02	7.66202e-04
  1.98e-01	  2.00e-02	5.79113e-04
  1.98e-01	  2.50e-02	1.61319e-04
  1.98e-01	  3.00e-02	-3.41309e-04
  1.98e-01	  3.50e-02	-8.39461e-04
  1.98e-01	  4.00e-02	-1.18970e-03
  1.98e-01	  4.50e-02	-1.01316e-03
  1.98e-01	  5.00e-02	7.33834e-06
  1.98e-01	  5.50e-02	7.33836e-06
  1.98e-01	  6.00e-02	7.33837e-06
  1.98e-01	  6.50e-02	7.33838e-06
  1.98e-01	  7.00e-02	7.33932e-06
  1.98e-01	  7.50e-02	-6.25730e-05
  1.98e-01	  8.00e-02	-6.61155e-05
  1.98e-01	  8.50e-02	-1.55362e-04
  1.98e-01	  9.00e-02	-3.75638e-04
  1.98e-01	  9.50e-02	-6.35608e-04
  1.98e-01	  1.00e-01	-7.24720e-04
  1.98e-01	  1.05e-01	-4.52731e-04
  1.98e-01	  1.10e-01	-4.09479e-05
  1.98e-01	  1.15e-01	3.95694e-06

  2.03e-01	  0.00e+00	0.00000e+00
  2.03e-01	  5.00e-03	1.34593e-05
  2.03e-01	  1.00e-02	5.31169e-04
  2.03e-01	  1.50e-02	7.53306e-04
  2.03e-01	  2.00e-02	5.72595e-04
  2.03e-01	  2.50e-02	1.63048e-04
  2.03e-01	  3.00e-02	-3.31379e-04
  2.03e-01	  3.50e-02	-8.21620e-04
  2.03e-01	  4.00e-02	-1.16361e-03
  2.03e-01	  4.50e-02	-9.84681e-04
  2.03e-01	  5.00e-02	7.98258e-06
  2.03e-01	  5.50e-02	7.98261e-06
  2.03e-01	  6.00e-02	7.98262e-06
  2.03e-01	  6.50e-02	7.98263e-06
  2.03e-01	  7.00e-02	7.98353e-06
  2.03e-01	  7.50e-02	-6.05329e-05
  2.03e-01	  8.00e-02	-7.23858e-05
  2.03e-01	  8.50e-02	-1.64942e-04
  2.03e-01	  9.00e-02	-3.82732e-04
  2.03e-01	  9.50e-02	-6.35318e-04
  2.03e-01	  1.00e-01	-7.16209e-04
  2.03e-01	  1.05e-01	-4.44510e-04
  2.03e-01	  1.10e-01	-4.28356e-05
  2.03e-01	  1.15e-01	4.73775e-06

  2.08e-01	  0.00e+00	0.00000e+00
  2.08e-01	  5.00e-03	1.18222e-05
  2.08e-01	  1.00e-02	5.15479e-04
  2.08e-01	  1.50e-02	7.36481e-04
  2.08e-01	  2.00e-02	5.63418e-04
  2.08e-01	  2.50e-02	1.64951e-04
  2.08e-01	  3.00e-02	-3.17981e-04
  2.08e-01	  3.50e-02	-7.97746e-04
  2.08e-01	  4.00e-02	-1.13102e-03
  2.08e-01	  4.50e-02	-9.52368e-04
  2.08e-01	  5.00e-02	8.59687e-06
  2.08e-01	  5.50e-02	8.59689e-06
  2.08e-01	  6.00e-02	8.59691e-06
  2.08e-01	  6.50e-02	8.59692e-06
  2.08e-01	  7.00e-02	8.59777e-06
  2.08e-01	  7.50e-02	-5.48801e-05
  2.08e-01	  8.00e-02	-7.09261e-05
  2.08e-01	  8.50e-02	-1.63829e-04
  2.08e-01	  9.00e-02	-3.76982e-04
  2.08e-01	  9.50e-02	-6.21024e-04
  2.08e-01	  1.00e-01	-6.94234e-04
  2.08e-01	  1.05e-01	-4.25584e-04
  2.08e-01	  1.10e-01	-3.84514e-05
  2.08e-01	  1.15e-01	5.87587e-06

  2.13e-01	  0.00e+00	0.00000e+00
  2.13e-01	  5.00e-03	8.95698e-06
  2.13e-01	  1.00e-02	4.94171e-04
  2.13e-01	  1.50e-02	7.12223e-04
  2.13e-01	  2.00e-02	5.48851e-04
  2.13e-01	  2.50e-02	1.66328e-04
  2.13e-01	  3.00e-02	-2.99279e-04
  2.13e-01	  3.50e-02	-7.63825e-04
  2.13e-01	  4.00e-02	-1.08711e-03
  2.13e-01	  4.50e-02	-9.12978e-04
  2.13e-01	  5.00e-02	9.18050e-06
  2.13e-01	  5.50e-02	9.18052e-06
  2.13e-01	  6.00e-02	9.18054e-06
  2.13e-01	  6.50e-02	9.18055e-06
  2.13e-01	  7.00e-02	9.18136e-06
  2.13e-01	  7.50e-02	-4.58538e-05
  2.13e-01	  8.00e-02	-6.19543e-05
  2.13e-01	  8.50e-02	-1.51817e-04
  2.13e-01	  9.00e-02	-3.57512e-04
  2.13e-01	  9.50e-02	-5.91262e-04
  2.13e-01	  1.00e-01	-6.57199e-04
  2.13e-01	  1.05e-01	-3.94758e-04
  2.13e-01	  1.10e-01	-2.72453e-05
  2.13e-01	  1.15e-01	7.42428e-06

  2.18e-01	  0.00e+00	0.00000e+00
  2.18e-01	  5.00e-03	4.02241e-06
  2.18e-01	  1.00e-02	4.62827e-04
  2.18e-01	  1.50e-02	6.74398e-04
  2.18e-01	  2.00e-02	5.23924e-04
  2.18e-01	  2.50e-02	1.65612e-04
  2.18e-01	  3.00e-02	-2.72436e-04
  2.18e-01	  3.50e-02	-7.12986e-04
  2.18e-01	  4.00e-02	-1.02327e-03
  2.18e-01	  4.50e-02	-8.60500e-04
  2.18e-01	  5.00e-02	9.73311e-06
  2.18e-01	  5.50e-02	9.73314e-06
  2.18e-01	  6.00e-02	9.73315e-06
  2.18e-01	  6.50e-02	9.73317e-06
  2.18e-01	  7.00e-02	9.73394e-06
  2.18e-01	  7.50e-02	-3.38822e-05
  2.18e-01	  8.00e-02	-4.59888e-05
  2.18e-01	  8.50e-02	-1.28791e-04
  2.18e-01	  9.00e-02	-3.22980e-04
  2.18e-01	  9.50e-02	-5.43553e-04
  2.18e-01	  1.00e-01	-6.02482e-04
  2.18e-01	  1.05e-01	-3.50410e-04
  2.18e-01	  1.10e-01	-8.72951e-06
  2.18e-01	  1.15e-01	9.43008e-06

  2.23e-01	  0.00e+00	0.00000e+00
  2.23e-01	  5.00e-03	-4.18833e-06
  2.23e-01	  1.00e-02	4.14154e-04
  2.23e-01	  1.50e-02	6.12317e-04
  2.23e-01	  2.00e-02	4.79651e-04
  2.23e-01	  2.50e-02	1.59435e-04
  2.23e-01	  3.00e-02	-2.33313e-04
  2.23e-01	  3.50e-02	-6.33641e-04
  2.23e-01	  4.00e-02	-9.23778e-04
  2.23e-01	  4.50e-02	-7.83407e-04
  2.23e-01	  5.00e-02	1.02550e-05
  2.23e-01	  5.50e-02	1.02550e-05
  2.23e-01	  6.00e-02	1.02551e-05
  2.23e-01	  6.50e-02	1.02551e-05
  2.23e-01	  7.00e-02	1.02558e-05
  2.23e-01	  7.50e-02	-1.98798e-05
  2.23e-01	  8.00e-02	-2.44302e-05
  2.23e-01	  8.50e-02	-9.52323e-05
  2.23e-01	  9.00e-02	-2.71463e-04
  2.23e-01	  9.50e-02	-4.73533e-04
  2.23e-01	  1.00e-01	-5.25526e-04
  2.23e-01	  1.05e-01	-2.90569e-04
  2.23e-01	  1.10e-01	1.67580e-05
  2.23e-01	  1.15e-01	1.18562e-05

  2.28e-01	  0.00e+00	0.00000e+00
  2.28e-01	  5.00e-03	-1.66052e-05
  2.28e-01	  1.00e-02	3.36469e-04
  2.28e-01	  1.50e-02	5.07226e-04
  2.28e-01	  2.00e-02	3.99943e-04
  2.28e-01	  2.50e-02	1.40894e-04
  2.28e-01	  3.00e-02	-1.76530e-04
  2.28e-01	  3.50e-02	-5.06927e-04
  2.28e-01	  4.00e-02	-7.59884e-04
  2.28e-01	  4.50e-02	-6.58465e-04
  2.28e-01	  5.00e-02	1.07479e-05
  2.28e-01	  5.50e-02	1.07479e-05
  2.28e-01	  6.00e-02	1.07479e-05
  2.28e-01	  6.50e-02	1.07479e-05
  2.28e-01	  7.00e-02	1.07487e-05
  2.28e-01	  7.50e-02	-5.72773e-06
  2.28e-01	  8.00e-02	-8.03695e-07
  2.28e-01	  8.50e-02	-5.35294e-05
  2.28e-01	  9.00e-02	-2.00406e-04
  2.28e-01	  9.50e-02	-3.72911e-04
  2.28e-01	  1.00e-01	-4.17416e-04
  2.28e-01	  1.05e-01	-2.13242e-04
  2.28e-01	  1.10e-01	4.53679e-05
  2.28e-01	  1.15e-01	1.42614e-05

  2.33e-01	  0.00e+00	0.00000e+00
  2.33e-01	  5.00e-03	-2.88764e-05
  2.33e-01	  1.00e-02	2.10994e-04
  2.33e-01	  1.50e-02	3.25194e-04
  2.33e-01	  2.00e-02	2.56578e-04
  2.33e-01	  2.50e-02	9.67394e-05
  2.33e-01	  3.00e-02	-9.68564e-05
  2.33e-01	  3.50e-02	-3.04556e-04
  2.33e-01	  4.00e-02	-4.79190e-04
  2.33e-01	  4.50e-02	-4.35063e-04
  2.33e-01	  5.00e-02	1.12163e-05
  2.33e-01	  5.50e-02	1.12163e-05
  2.33e-01	  6.00e-02	1.12163e-05
  2.33e-01	  6.50e-02	1.12163e-05
  2.33e-01	  7.00e-02	1.12170e-05
  2.33e-01	  7.50e-02	5.27474e-06
  2.33e-01	  8.00e-02	1.66188e-05
  2.33e-01	  8.50e-02	-1.14320e-05
  2.33e-01	  9.00e-02	-1.07137e-04
  2.33e-01	  9.50e-02	-2.24724e-04
  2.33e-01	  1.00e-01	-2.57884e-04
  2.33e-01	  1.05e-01	-1.16744e-04
  2.33e-01	  1.10e-01	6.05671e-05
  2.33e-01	  1.15e-01	1.43542e-05

  2.38e-01	  0.00e+00	0.00000e+00
  2.38e-01	  5.00e-03	-5.80419e-07
  2.38e-01	  1.00e-02	-1.44531e-07
  2.38e-01	  1.50e-02	1.17165e-06
  2.38e-01	  2.00e-02	2.76443e-06
  2.38e-01	  2.50e-02	4.38883e-06
  2.38e-01	  3.00e-02	5.97306e-06
  2.38e-01	  3.50e-02	7.50852e-06
  2.38e-01	  4.00e-02	8.97336e-06
  2.38e-01	  4.50e-02	1.02246e-05
  2.38e-01	  5.00e-02	1.07270e-05
  2.38e-01	  5.50e-02	1.07271e-05
  2.38e-01	  6.00e-02	1.07271e-05
  2.38e-01	  6.50e-02	1.07271e-05
  2.38e-01	  7.00e-02	1.07278e-05
  2.38e-01	  7.50e-02	9.67246e-06
  2.38e-01	  8.00e-02	9.22145e-06
  2.38e-01	  8.50e-02	8.75216e-06
  2.38e-01	  9.00e-02	8.02383e-06
  2.38e-01	  9.50e-02	6.94029e-06
  2.38e-01	  1.00e-01	5.48185e-06
  2.38e-01	  1.05e-01	3.74174e-06
  2.38e-01	  1.10e-01	1.98145e-06
  2.38e-01	  1.15e-01	3.73181e-07

